X	Y
0	14.819
1	14.818
2	14.839
3	14.823
4	14.789
5	14.839
6	14.831
7	14.792
8	14.827
9	14.829
10	14.841
11	14.818
12	14.850
13	14.815
14	14.845
15	14.860
16	14.859
17	14.857
18	14.902
19	14.841
20	14.871
21	14.865
22	14.853
23	14.854
24	14.854
25	14.878
26	14.865
27	14.883
28	14.857
29	14.871
30	14.884
31	14.834
32	14.897
33	14.877
34	14.909
35	14.898
36	14.877
37	14.901
38	14.880
39	14.881
40	14.917
41	14.892
42	14.901
43	14.868
44	14.908
45	14.864
46	14.885
47	14.908
48	14.877
49	14.868
50	14.890
51	14.919
52	14.922
53	14.938
54	14.929
55	14.939
56	14.912
57	14.949
58	14.932
59	14.965
60	14.911
61	14.906
62	14.965
63	14.933
64	14.914
65	14.942
66	14.965
67	14.925
68	14.955
69	14.947
70	14.914
71	14.949
72	14.930
73	14.913
74	14.954
75	14.941
76	14.935
77	14.937
78	14.968
79	14.922
80	14.986
81	14.971
82	14.958
83	14.943
84	14.985
85	14.931
86	14.959
87	14.930
88	14.990
89	14.953
90	14.943
91	14.988
92	14.989
93	14.940
94	14.993
95	14.961
96	14.987
97	14.981
98	14.957
99	14.960
100	14.969
101	14.976
102	14.996
103	14.998
104	14.958
105	15.003
106	15.030
107	14.958
108	14.962
109	14.982
110	15.021
111	14.960
112	14.994
113	14.963
114	15.005
115	15.016
116	14.981
117	14.998
118	14.968
119	14.998
120	14.969
121	15.019
122	14.981
123	15.004
124	15.037
125	15.016
126	15.020
127	15.007
128	15.048
129	15.011
130	15.032
131	15.047
132	15.028
133	14.994
134	14.991
135	15.013
136	15.020
137	15.025
138	15.024
139	15.039
140	14.982
141	15.067
142	15.009
143	15.034
144	15.028
145	15.036
146	15.017
147	15.013
148	15.018
149	15.028
150	15.027
151	15.049
152	15.033
153	15.039
154	15.045
155	15.010
156	15.019
157	15.030
158	15.016
159	15.045
160	15.028
161	14.999
162	15.029
163	15.054
164	15.010
165	15.057
166	15.045
167	15.013
168	15.031
169	15.081
170	15.068
171	15.048
172	15.049
173	15.056
174	15.032
175	15.040
176	15.064
177	15.043
178	15.066
179	15.059
180	15.026
181	15.086
182	15.038
183	15.037
184	15.061
185	15.019
186	15.048
187	15.045
188	15.066
189	15.045
190	15.080
191	15.067
192	15.064
193	15.056
194	15.090
195	15.059
196	15.055
197	15.104
198	15.077
199	15.078
200	15.055
201	15.087
202	15.080
203	15.098
204	15.055
205	15.051
206	15.072
207	15.070
208	15.068
209	15.058
210	15.076
211	15.078
212	15.083
213	15.097
214	15.083
215	15.113
216	15.119
217	15.107
218	15.032
219	15.048
220	15.096
221	15.117
222	15.071
223	15.076
224	15.069
225	15.094
226	15.142
227	15.080
228	15.109
229	15.048
230	15.060
231	15.071
232	15.088
233	15.149
234	15.110
235	15.099
236	15.071
237	15.141
238	15.086
239	15.091
240	15.121
241	15.099
242	15.121
243	15.096
244	15.145
245	15.103
246	15.136
247	15.116
248	15.129
249	15.089
250	15.108
251	15.090
252	15.112
253	15.158
254	15.111
255	15.101
256	15.122
257	15.154
258	15.115
259	15.126
260	15.126
261	15.134
262	15.143
263	15.109
264	15.130
265	15.148
266	15.135
267	15.131
268	15.119
269	15.154
270	15.163
271	15.141
272	15.146
273	15.204
274	15.147
275	15.149
276	15.133
277	15.154
278	15.156
279	15.190
280	15.148
281	15.109
282	15.186
283	15.139
284	15.180
285	15.182
286	15.192
287	15.170
288	15.184
289	15.179
290	15.182
291	15.194
292	15.194
293	15.220
294	15.175
295	15.203
296	15.220
297	15.194
298	15.202
299	15.215
300	15.194
301	15.229
302	15.175
303	15.210
304	15.212
305	15.229
306	15.210
307	15.268
308	15.211
309	15.272
310	15.247
311	15.222
312	15.249
313	15.263
314	15.228
315	15.237
316	15.233
317	15.227
318	15.202
319	15.266
320	15.264
321	15.258
322	15.239
323	15.250
324	15.276
325	15.296
326	15.277
327	15.261
328	15.256
329	15.235
330	15.276
331	15.273
332	15.251
333	15.270
334	15.300
335	15.285
336	15.292
337	15.271
338	15.303
339	15.255
340	15.306
341	15.333
342	15.371
343	15.382
344	15.333
345	15.354
346	15.378
347	15.385
348	15.402
349	15.365
350	15.445
351	15.429
352	15.430
353	15.444
354	15.452
355	15.474
356	15.433
357	15.435
358	15.411
359	15.453
360	15.467
361	15.483
362	15.502
363	15.501
364	15.494
365	15.495
366	15.496
367	15.511
368	15.525
369	15.532
370	15.561
371	15.532
372	15.545
373	15.545
374	15.522
375	15.575
376	15.530
377	15.521
378	15.596
379	15.581
380	15.610
381	15.605
382	15.593
383	15.593
384	15.607
385	15.597
386	15.599
387	15.589
388	15.602
389	15.582
390	15.583
391	15.579
392	15.594
393	15.619
394	15.580
395	15.584
396	15.593
397	15.583
398	15.581
399	15.566
400	15.591
401	15.540
402	15.591
403	15.574
404	15.564
405	15.553
406	15.590
407	15.574
408	15.556
409	15.570
410	15.539
411	15.537
412	15.551
413	15.543
414	15.565
415	15.545
416	15.569
417	15.545
418	15.573
419	15.545
420	15.557
421	15.591
422	15.557
423	15.574
424	15.592
425	15.604
426	15.613
427	15.634
428	15.622
429	15.644
430	15.653
431	15.638
432	15.702
433	15.673
434	15.700
435	15.761
436	15.726
437	15.755
438	15.775
439	15.759
440	15.776
441	15.795
442	15.824
443	15.832
444	15.898
445	15.900
446	15.920
447	15.984
448	16.025
449	16.053
450	16.091
451	16.118
452	16.144
453	16.201
454	16.205
455	16.270
456	16.320
457	16.366
458	16.417
459	16.424
460	16.519
461	16.560
462	16.571
463	16.584
464	16.663
465	16.715
466	16.820
467	16.857
468	16.929
469	16.968
470	17.071
471	17.114
472	17.145
473	17.256
474	17.290
475	17.368
476	17.424
477	17.501
478	17.553
479	17.609
480	17.714
481	17.753
482	17.885
483	17.954
484	18.032
485	18.135
486	18.259
487	18.342
488	18.405
489	18.514
490	18.615
491	18.750
492	18.873
493	18.937
494	19.074
495	19.197
496	19.360
497	19.545
498	19.628
499	19.785
500	19.933
501	20.116
502	20.264
503	20.486
504	20.624
505	20.822
506	21.014
507	21.217
508	21.480
509	21.671
510	21.890
511	22.109
512	22.416
513	22.669
514	22.940
515	23.269
516	23.556
517	23.931
518	24.272
519	24.646
520	25.124
521	25.582
522	26.045
523	26.499
524	27.032
525	27.554
526	28.109
527	28.673
528	29.273
529	29.888
530	30.565
531	31.285
532	31.991
533	32.737
534	33.560
535	34.395
536	35.278
537	36.289
538	37.298
539	38.468
540	39.603
541	40.874
542	42.312
543	43.762
544	45.423
545	47.199
546	49.076
547	51.058
548	53.318
549	56.091
550	59.059
551	62.409
552	66.183
553	70.182
554	74.191
555	78.025
556	81.744
557	85.257
558	88.420
559	91.206
560	93.637
561	95.494
562	97.067
563	98.224
564	98.749
565	99.327
566	99.445
567	99.250
568	98.843
569	98.217
570	97.354
571	96.095
572	94.556
573	92.775
574	90.622
575	87.986
576	84.895
577	81.943
578	78.637
579	75.435
580	72.243
581	69.093
582	66.061
583	63.068
584	60.380
585	57.782
586	55.329
587	53.032
588	50.908
589	48.843
590	47.112
591	45.462
592	43.952
593	42.627
594	41.542
595	40.519
596	39.575
597	38.840
598	38.116
599	37.402
600	36.851
601	36.306
602	35.804
603	35.296
604	34.913
605	34.496
606	34.131
607	33.758
608	33.432
609	33.122
610	32.848
611	32.545
612	32.402
613	32.059
614	31.834
615	31.595
616	31.431
617	31.226
618	31.039
619	30.792
620	30.724
621	30.503
622	30.378
623	30.209
624	30.065
625	29.906
626	29.785
627	29.640
628	29.564
629	29.487
630	29.416
631	29.275
632	29.150
633	29.109
634	28.973
635	28.967
636	28.878
637	28.871
638	28.809
639	28.739
640	28.773
641	28.731
642	28.685
643	28.646
644	28.587
645	28.704
646	28.657
647	28.662
648	28.647
649	28.634
650	28.700
651	28.652
652	28.794
653	28.833
654	28.835
655	28.894
656	28.933
657	29.041
658	29.041
659	29.225
660	29.212
661	29.378
662	29.442
663	29.547
664	29.697
665	29.812
666	29.947
667	30.106
668	30.268
669	30.404
670	30.597
671	30.756
672	30.959
673	31.153
674	31.341
675	31.597
676	31.763
677	32.080
678	32.255
679	32.554
680	32.907
681	33.173
682	33.557
683	33.886
684	34.283
685	34.663
686	35.187
687	35.612
688	36.075
689	36.545
690	37.155
691	37.737
692	38.325
693	38.929
694	39.609
695	40.325
696	40.978
697	41.813
698	42.624
699	43.462
700	44.325
701	45.165
702	46.293
703	47.308
704	48.382
705	49.575
706	50.814
707	52.011
708	53.323
709	54.683
710	56.232
711	57.739
712	59.296
713	61.010
714	62.903
715	65.006
716	67.313
717	69.931
718	73.121
719	76.795
720	81.399
721	86.808
722	92.838
723	99.324
724	106.511
725	113.814
726	121.029
727	128.378
728	135.393
729	142.353
730	148.957
731	155.101
732	160.936
733	165.795
734	170.237
735	173.771
736	176.260
737	178.103
738	179.036
739	179.605
740	179.690
741	179.247
742	178.069
743	176.678
744	174.523
745	171.991
746	168.430
747	164.032
748	158.889
749	153.243
750	146.732
751	139.920
752	132.904
753	125.909
754	119.150
755	112.852
756	106.635
757	100.959
758	95.736
759	90.494
760	86.032
761	81.999
762	78.284
763	74.832
764	71.807
765	68.929
766	66.363
767	64.208
768	62.442
769	60.787
770	59.347
771	58.113
772	56.828
773	55.789
774	54.731
775	53.857
776	53.006
777	52.150
778	51.434
779	50.620
780	49.892
781	49.278
782	48.510
783	48.006
784	47.388
785	46.934
786	46.353
787	45.808
788	45.242
789	44.830
790	44.340
791	43.882
792	43.465
793	42.965
794	42.577
795	42.224
796	41.714
797	41.430
798	40.965
799	40.727
800	40.409
801	40.030
802	39.658
803	39.334
804	38.985
805	38.753
806	38.442
807	38.143
808	37.893
809	37.608
810	37.395
811	37.146
812	36.909
813	36.661
814	36.486
815	36.257
816	36.008
817	35.885
818	35.682
819	35.428
820	35.225
821	35.165
822	34.977
823	34.824
824	34.683
825	34.541
826	34.419
827	34.298
828	34.124
829	34.066
830	34.001
831	33.815
832	33.710
833	33.669
834	33.544
835	33.473
836	33.371
837	33.351
838	33.329
839	33.158
840	33.166
841	33.156
842	33.138
843	33.062
844	33.065
845	33.098
846	33.114
847	33.046
848	33.104
849	33.193
850	33.094
851	33.187
852	33.230
853	33.321
854	33.393
855	33.451
856	33.578
857	33.677
858	33.803
859	33.926
860	34.029
861	34.217
862	34.414
863	34.585
864	34.765
865	34.975
866	35.220
867	35.472
868	35.719
869	36.010
870	36.365
871	36.684
872	37.015
873	37.458
874	37.772
875	38.253
876	38.659
877	39.164
878	39.699
879	40.264
880	40.850
881	41.546
882	42.218
883	42.969
884	43.896
885	44.814
886	45.922
887	47.160
888	48.645
889	50.251
890	52.185
891	54.257
892	56.613
893	59.208
894	61.917
895	64.650
896	67.561
897	70.434
898	73.476
899	76.455
900	79.285
901	82.068
902	84.691
903	87.406
904	89.593
905	91.792
906	93.658
907	95.351
908	96.873
909	98.092
910	98.957
911	99.643
912	100.012
913	100.208
914	100.129
915	99.543
916	98.704
917	97.683
918	96.272
919	94.712
920	92.517
921	90.384
922	88.038
923	85.365
924	82.646
925	79.878
926	77.162
927	74.523
928	71.980
929	69.391
930	67.094
931	64.666
932	62.420
933	60.223
934	58.051
935	56.018
936	54.191
937	52.402
938	50.699
939	49.150
940	47.625
941	46.306
942	45.167
943	43.911
944	42.924
945	41.981
946	41.133
947	40.351
948	39.500
949	38.802
950	38.226
951	37.583
952	37.064
953	36.520
954	36.001
955	35.477
956	35.098
957	34.705
958	34.342
959	34.014
960	33.634
961	33.277
962	33.007
963	32.693
964	32.367
965	32.131
966	31.891
967	31.554
968	31.347
969	31.112
970	30.822
971	30.629
972	30.449
973	30.267
974	29.982
975	29.780
976	29.574
977	29.337
978	29.211
979	28.977
980	28.850
981	28.648
982	28.400
983	28.248
984	28.113
985	27.968
986	27.804
987	27.526
988	27.367
989	27.285
990	27.026
991	26.904
992	26.778
993	26.650
994	26.477
995	26.380
996	26.214
997	26.150
998	25.921
999	25.780
1000	25.632
1001	25.600
1002	25.390
1003	25.254
1004	25.087
1005	24.965
1006	24.918
1007	24.757
1008	24.612
1009	24.516
1010	24.338
1011	24.271
1012	24.147
1013	24.047
1014	23.940
1015	23.877
1016	23.720
1017	23.647
1018	23.514
1019	23.434
1020	23.325
1021	23.287
1022	23.162
1023	23.152
1024	23.019
1025	22.900
1026	22.812
1027	22.733
1028	22.606
1029	22.531
1030	22.513
1031	22.440
1032	22.328
1033	22.303
1034	22.166
1035	22.160
1036	22.024
1037	21.947
1038	21.928
1039	21.774
1040	21.745
1041	21.689
1042	21.570
1043	21.581
1044	21.423
1045	21.405
1046	21.314
1047	21.233
1048	21.156
1049	21.069
1050	21.019
1051	20.957
1052	20.826
1053	20.805
1054	20.751
1055	20.641
1056	20.571
1057	20.503
1058	20.379
1059	20.375
1060	20.265
1061	20.273
1062	20.191
1063	20.078
1064	20.016
1065	20.001
1066	19.935
1067	19.839
1068	19.788
1069	19.674
1070	19.648
1071	19.576
1072	19.472
1073	19.472
1074	19.423
1075	19.329
1076	19.282
1077	19.256
1078	19.178
1079	19.118
1080	19.019
1081	18.950
1082	18.888
1083	18.818
1084	18.809
1085	18.779
1086	18.714
1087	18.648
1088	18.569
1089	18.530
1090	18.453
1091	18.449
1092	18.423
1093	18.346
1094	18.321
1095	18.212
1096	18.232
1097	18.155
1098	18.110
1099	18.026
1100	18.001
1101	17.984
1102	17.964
1103	17.883
1104	17.872
1105	17.807
1106	17.773
1107	17.746
1108	17.744
1109	17.722
1110	17.660
1111	17.609
1112	17.609
1113	17.552
1114	17.488
1115	17.524
1116	17.485
1117	17.433
1118	17.401
1119	17.387
1120	17.320
1121	17.352
1122	17.273
1123	17.271
1124	17.220
1125	17.235
1126	17.186
1127	17.155
1128	17.112
1129	17.093
1130	17.055
1131	17.073
1132	17.045
1133	17.053
1134	17.042
1135	17.011
1136	16.955
1137	16.975
1138	16.945
1139	16.885
1140	16.894
1141	16.869
1142	16.865
1143	16.844
1144	16.807
1145	16.788
1146	16.778
1147	16.764
1148	16.776
1149	16.742
1150	16.734
1151	16.669
1152	16.686
1153	16.675
1154	16.656
1155	16.663
1156	16.646
1157	16.583
1158	16.578
1159	16.568
1160	16.583
1161	16.570
1162	16.527
1163	16.559
1164	16.543
1165	16.540
1166	16.530
1167	16.471
1168	16.502
1169	16.411
1170	16.468
1171	16.407
1172	16.455
1173	16.417
1174	16.427
1175	16.387
1176	16.383
1177	16.349
1178	16.372
1179	16.359
1180	16.357
1181	16.363
1182	16.328
1183	16.309
1184	16.273
1185	16.324
1186	16.254
1187	16.249
1188	16.250
1189	16.231
1190	16.224
1191	16.189
1192	16.199
1193	16.199
1194	16.202
1195	16.181
1196	16.170
1197	16.155
1198	16.114
1199	16.128
1200	16.075
1201	16.115
1202	16.087
1203	16.095
1204	16.079
1205	16.078
1206	16.054
1207	16.037
1208	16.022
1209	16.029
1210	16.024
1211	16.042
1212	15.999
1213	16.043
1214	15.989
1215	15.974
1216	15.988
1217	15.975
1218	15.968
1219	15.945
1220	15.921
1221	15.917
1222	15.945
1223	15.923
1224	15.912
1225	15.886
1226	15.862
1227	15.837
1228	15.820
1229	15.876
1230	15.861
1231	15.840
1232	15.844
1233	15.796
1234	15.835
1235	15.778
1236	15.795
1237	15.787
1238	15.788
1239	15.750
1240	15.781
1241	15.767
1242	15.771
1243	15.769
1244	15.756
1245	15.745
1246	15.695
1247	15.741
1248	15.686
1249	15.714
1250	15.720
1251	15.735
1252	15.696
1253	15.669
1254	15.694
1255	15.703
1256	15.691
1257	15.679
1258	15.664
1259	15.664
1260	15.676
1261	15.632
1262	15.622
1263	15.653
1264	15.640
1265	15.647
1266	15.637
1267	15.647
1268	15.635
1269	15.616
1270	15.641
1271	15.647
1272	15.665
1273	15.627
1274	15.630
1275	15.619
1276	15.585
1277	15.619
1278	15.608
1279	15.615
1280	15.590
1281	15.595
1282	15.590
1283	15.596
1284	15.580
1285	15.612
1286	15.589
1287	15.583
1288	15.606
1289	15.587
1290	15.583
1291	15.581
1292	15.575
1293	15.585
1294	15.563
1295	15.592
1296	15.571
1297	15.589
1298	15.570
1299	15.538
1300	15.517
1301	15.517
1302	15.524
1303	15.538
1304	15.527
1305	15.556
1306	15.523
1307	15.556
1308	15.565
1309	15.507
1310	15.522
1311	15.506
1312	15.471
1313	15.538
1314	15.528
1315	15.527
1316	15.531
1317	15.488
1318	15.529
1319	15.515
1320	15.506
1321	15.493
1322	15.539
1323	15.516
1324	15.458
1325	15.527
1326	15.522
1327	15.525
1328	15.500
1329	15.470
1330	15.535
1331	15.541
1332	15.522
1333	15.497
1334	15.475
1335	15.459
1336	15.511
1337	15.447
1338	15.488
1339	15.493
1340	15.467
1341	15.533
1342	15.481
1343	15.491
1344	15.490
1345	15.519
1346	15.502
1347	15.503
1348	15.494
1349	15.477
1350	15.460
1351	15.495
1352	15.479
1353	15.493
1354	15.518
1355	15.454
1356	15.514
1357	15.473
1358	15.455
1359	15.462
1360	15.477
1361	15.516
1362	15.436
1363	15.466
1364	15.473
1365	15.471
1366	15.468
1367	15.486
1368	15.497
1369	15.448
1370	15.459
1371	15.453
1372	15.457
1373	15.441
1374	15.387
1375	15.429
1376	15.432
1377	15.431
1378	15.434
1379	15.457
1380	15.419
1381	15.471
1382	15.417
1383	15.431
1384	15.425
1385	15.446
1386	15.445
1387	15.407
1388	15.412
1389	15.411
1390	15.438
1391	15.391
1392	15.423
1393	15.476
1394	15.428
1395	15.459
1396	15.425
1397	15.399
1398	15.360
1399	15.410
1400	15.427
1401	15.427
1402	15.419
1403	15.404
1404	15.366
1405	15.391
1406	15.404
1407	15.408
1408	15.427
1409	15.382
1410	15.379
1411	15.407
1412	15.406
1413	15.336
1414	15.401
1415	15.350
1416	15.381
1417	15.386
1418	15.391
1419	15.377
1420	15.354
1421	15.327
1422	15.353
1423	15.315
1424	15.368
1425	15.339
1426	15.340
1427	15.372
1428	15.399
1429	15.357
1430	15.369
1431	15.342
1432	15.359
1433	15.346
1434	15.365
1435	15.357
1436	15.314
1437	15.354
