X	Y
0	12.013036
1	12.001863
2	12.001863
3	12.023277
4	12.006517
5	11.998137
6	12.003724
7	12.008380
8	12.000000
9	12.040968
10	12.043761
11	12.036313
12	12.024209
13	12.016760
14	12.049348
15	12.008380
16	12.032588
17	12.028864
18	12.019553
19	12.027002
20	12.032588
21	12.001863
22	11.984171
23	12.013036
24	12.011173
25	12.043761
26	12.018622
27	12.038175
28	12.049348
29	12.047486
30	12.019553
31	12.024209
32	12.050280
33	12.034451
34	12.026071
35	12.059590
36	12.043761
37	12.005587
38	12.031657
39	12.013967
40	12.057728
41	12.027002
42	12.026071
43	12.009311
44	12.055866
45	12.028864
46	12.046555
47	12.084730
48	12.032588
49	12.039106
50	12.037244
51	12.031657
52	11.996276
53	12.030726
54	12.037244
55	12.044693
56	12.027933
57	12.035381
58	12.053073
59	12.024209
60	12.056797
61	12.027933
62	12.008380
63	12.034451
64	12.018622
65	12.067970
66	12.045624
67	12.024209
68	12.058660
69	12.023277
70	12.054935
71	12.041900
72	12.039106
73	12.055866
74	12.056797
75	12.033520
76	12.057728
77	12.034451
78	12.040037
79	12.037244
80	12.029795
81	12.053073
82	12.069833
83	12.060521
84	12.042830
85	12.028864
86	12.010242
87	12.040968
88	12.035381
89	12.098697
90	12.056797
91	12.031657
92	12.044693
93	12.033520
94	12.035381
95	12.071694
96	12.032588
97	12.063314
98	12.069833
99	12.049348
100	12.059590
101	12.041900
102	12.026071
103	12.080074
104	12.046555
105	12.069833
106	12.028864
107	12.055866
108	12.050280
109	11.982309
110	12.060521
111	12.038175
112	12.044693
113	12.046555
114	12.042830
115	12.081937
116	12.056797
117	12.034451
118	12.020484
119	12.050280
120	12.053073
121	12.022346
122	12.074488
123	12.020484
124	12.015829
125	12.052141
126	11.992551
127	12.032588
128	12.055866
129	12.048417
130	12.064246
131	12.013967
132	12.030726
133	12.001863
134	12.016760
135	12.047486
136	12.019553
137	12.001863
138	12.001863
139	12.033520
140	12.029795
141	12.033520
142	12.026071
143	12.007449
144	12.036313
145	12.019553
146	11.989758
147	12.047486
148	12.017691
149	11.962756
150	12.046555
151	12.007449
152	12.029795
153	12.014897
154	12.040037
155	12.022346
156	12.019553
157	11.996276
158	12.023277
159	12.013967
160	12.016760
161	12.003724
162	12.013036
163	12.020484
164	12.012104
165	12.033520
166	12.039106
167	12.007449
168	12.032588
169	12.016760
170	12.020484
171	12.032588
172	12.006517
173	11.969274
174	12.032588
175	11.993483
176	11.996276
177	12.022346
178	11.997207
179	12.021416
180	12.022346
181	12.001863
182	11.979516
183	12.016760
184	12.019553
185	12.027002
186	12.000931
187	11.962756
188	12.000000
189	12.012104
190	12.018622
191	12.010242
192	11.926443
193	12.020484
194	11.990689
195	12.024209
196	11.978584
197	11.977654
198	12.006517
199	12.009311
200	12.006517
201	11.985103
202	12.008380
203	12.015829
204	11.935754
205	12.038175
206	12.001863
207	11.977654
208	11.993483
209	11.981378
210	11.998137
211	12.029795
212	12.011173
213	11.984171
214	12.004656
215	11.981378
216	11.958100
217	11.980447
218	12.018622
219	12.004656
220	11.966480
221	11.986964
222	11.955307
223	11.989758
224	12.002793
225	12.001863
226	11.938547
227	12.006517
228	11.978584
229	11.979516
230	11.984171
231	12.000000
232	11.941340
233	11.980447
234	11.980447
235	11.994413
236	11.987896
237	12.000000
238	11.986033
239	12.007449
240	12.000000
241	11.983240
242	11.995344
243	12.009311
244	11.968343
245	11.984171
246	11.949720
247	11.988827
248	12.015829
249	11.956239
250	11.988827
251	12.022346
252	12.012104
253	11.945996
254	11.957170
255	11.951583
256	11.961825
257	11.987896
258	11.972998
259	11.961825
260	11.990689
261	11.972067
262	11.957170
263	11.998137
264	11.987896
265	11.948790
266	11.975791
267	12.007449
268	11.988827
269	11.996276
270	11.949720
271	12.001863
272	12.011173
273	11.960894
274	11.975791
275	11.963687
276	11.969274
277	12.004656
278	11.970205
279	11.930167
280	11.992551
281	11.933892
282	11.980447
283	11.997207
284	11.964619
285	11.972998
286	11.973929
287	11.918994
288	11.964619
289	11.943203
290	11.959963
291	11.972998
292	11.984171
293	12.012104
294	12.018622
295	11.978584
296	11.953445
297	12.013967
298	11.969274
299	11.998137
300	11.981378
301	11.991620
302	11.949720
303	11.998137
304	11.959963
305	12.007449
306	11.978584
307	11.988827
308	11.964619
309	11.980447
310	11.991620
311	11.973929
312	11.972067
313	11.992551
314	11.943203
315	11.977654
316	11.987896
317	11.947859
318	11.940410
319	11.953445
320	12.011173
321	11.959032
322	11.956239
323	11.949720
324	11.971136
325	11.936686
326	11.973929
327	11.946927
328	12.019553
329	11.945065
330	11.950652
331	11.943203
332	11.983240
333	11.974860
334	11.956239
335	11.959032
336	11.972067
337	11.969274
338	11.915270
339	11.951583
340	11.945996
341	11.968343
342	11.967412
343	12.040037
344	11.982309
345	11.993483
346	11.939479
347	11.945065
348	11.970205
349	11.957170
350	11.963687
351	11.978584
352	11.958100
353	11.998137
354	12.000931
355	11.975791
356	11.984171
357	11.918063
358	11.967412
359	11.945065
360	11.981378
361	11.927374
362	11.976723
363	11.943203
364	11.984171
365	11.942272
366	11.945065
367	11.943203
368	11.932961
369	11.974860
370	11.974860
371	11.960894
372	11.959963
373	11.971136
374	11.967412
375	11.986033
376	11.929236
377	11.932030
378	11.914339
379	11.931099
380	11.963687
381	11.944134
382	11.946927
383	11.964619
384	11.946927
385	11.965549
386	11.919926
387	11.938547
388	11.930167
389	11.959032
390	11.939479
391	11.940410
392	11.935754
393	11.964619
394	11.912477
395	11.938547
396	11.973929
397	11.945996
398	11.940410
399	11.934823
400	11.948790
401	11.947859
402	11.947859
403	11.927374
404	11.939479
405	11.913408
406	11.907822
407	11.949720
408	11.929236
409	11.948790
410	11.967412
411	11.904097
412	11.945996
413	11.957170
414	11.913408
415	11.899442
416	11.945065
417	11.907822
418	11.959032
419	11.904097
420	11.941340
421	11.918994
422	11.920856
423	11.920856
424	11.922719
425	11.908752
426	11.934823
427	11.911546
428	11.930167
429	11.905959
430	11.915270
431	11.955307
432	11.878957
433	11.917132
434	11.932961
435	11.915270
436	11.927374
437	11.927374
438	11.932961
439	11.888268
440	11.948790
441	11.912477
442	11.891062
443	11.879889
444	11.911546
445	11.907822
446	11.932030
447	11.884543
448	11.950652
449	11.855680
450	11.938547
451	11.893855
452	11.878957
453	11.917132
454	11.921787
455	11.935754
456	11.913408
457	11.928306
458	11.913408
459	11.892923
460	11.894786
461	11.887337
462	11.909683
463	11.880819
464	11.938547
465	11.883613
466	11.895717
467	11.931099
468	11.915270
469	11.904097
470	11.898510
471	11.921787
472	11.886406
473	11.926443
474	11.931099
475	11.942272
476	11.933892
477	11.870577
478	11.878957
479	11.912477
480	11.884543
481	11.900373
482	11.848231
483	11.919926
484	11.915270
485	11.882682
486	11.846369
487	11.877095
488	11.932961
489	11.891062
490	11.879889
491	11.888268
492	11.913408
493	11.873370
494	11.865922
495	11.918063
496	11.878026
497	11.879889
498	11.859405
499	11.891993
500	11.834265
501	11.924581
502	11.865922
503	11.919926
504	11.903166
505	11.885475
506	11.898510
507	11.862197
508	11.872439
509	11.866853
510	11.901303
511	11.917132
512	11.869646
513	11.859405
514	11.891993
515	11.860335
516	11.877095
517	11.883613
518	11.876163
519	11.886406
520	11.887337
521	11.868715
522	11.856611
523	11.881750
524	11.901303
525	11.867784
526	11.841713
527	11.857542
528	11.821229
529	11.835196
530	11.848231
531	11.861266
532	11.857542
533	11.860335
534	11.845438
535	11.867784
536	11.834265
537	11.838920
538	11.825885
539	11.855680
540	11.877095
541	11.842645
542	11.845438
543	11.839851
544	11.875233
545	11.830540
546	11.839851
547	11.830540
548	11.838920
549	11.861266
550	11.822160
551	11.817505
552	11.880819
553	11.831471
554	11.846369
555	11.830540
556	11.832402
557	11.876163
558	11.800745
559	11.826816
560	11.876163
561	11.831471
562	11.813780
563	11.841713
564	11.864990
565	11.819366
566	11.856611
567	11.820298
568	11.832402
569	11.810987
570	11.821229
571	11.817505
572	11.856611
573	11.842645
574	11.798882
575	11.801676
576	11.866853
577	11.823092
578	11.859405
579	11.806332
580	11.871509
581	11.828678
582	11.826816
583	11.807262
584	11.865922
585	11.821229
586	11.788641
587	11.836126
588	11.860335
589	11.810056
590	11.794228
591	11.777468
592	11.825885
593	11.851955
594	11.803538
595	11.823092
596	11.793296
597	11.842645
598	11.810056
599	11.810056
600	11.798882
601	11.777468
602	11.769088
603	11.799814
604	11.809125
605	11.800745
606	11.837989
607	11.800745
608	11.784916
609	11.840782
610	11.821229
611	11.779329
612	11.792365
613	11.770949
614	11.851955
615	11.797021
616	11.770019
617	11.814712
618	11.824953
619	11.824022
620	11.815642
621	11.803538
622	11.833333
623	11.780261
624	11.818436
625	11.796089
626	11.851025
627	11.774674
628	11.817505
629	11.818436
630	11.808193
631	11.791434
632	11.788641
633	11.802608
634	11.785848
635	11.823092
636	11.756983
637	11.791434
638	11.827746
639	11.835196
640	11.820298
641	11.810987
642	11.798882
643	11.799814
644	11.801676
645	11.835196
646	11.788641
647	11.771881
648	11.799814
649	11.760708
650	11.794228
651	11.810056
652	11.807262
653	11.785848
654	11.787709
655	11.793296
656	11.797952
657	11.825885
658	11.788641
659	11.816573
660	11.804469
661	11.789572
662	11.793296
663	11.801676
664	11.806332
665	11.811918
666	11.791434
667	11.771881
668	11.806332
669	11.741155
670	11.733706
671	11.776536
672	11.768156
673	11.772812
674	11.771881
675	11.807262
676	11.761639
677	11.810056
678	11.780261
679	11.775605
680	11.779329
681	11.804469
682	11.750465
683	11.751396
684	11.792365
685	11.800745
686	11.796089
687	11.777468
688	11.771881
689	11.780261
690	11.762569
691	11.824953
692	11.757915
693	11.765363
694	11.779329
695	11.770019
696	11.737431
697	11.750465
698	11.752328
699	11.753259
700	11.777468
701	11.770019
702	11.746741
703	11.786778
704	11.756052
705	11.777468
706	11.814712
707	11.763501
708	11.750465
709	11.721601
710	11.779329
711	11.795158
712	11.775605
713	11.758845
714	11.770949
715	11.771881
716	11.769088
717	11.769088
718	11.745811
719	11.783054
720	11.746741
721	11.776536
722	11.766294
723	11.729981
724	11.777468
725	11.767225
726	11.726257
727	11.743017
728	11.769088
729	11.775605
730	11.775605
731	11.770949
732	11.775605
733	11.783985
734	11.743017
735	11.768156
736	11.773743
737	11.755121
738	11.790503
739	11.761639
740	11.756983
741	11.776536
742	11.780261
743	11.784916
744	11.799814
745	11.778399
746	11.769088
747	11.763501
748	11.793296
749	11.758845
750	11.796089
751	11.785848
752	11.733706
753	11.764432
754	11.766294
755	11.778399
756	11.773743
757	11.745811
758	11.739292
759	11.763501
760	11.799814
761	11.762569
762	11.793296
763	11.737431
764	11.773743
765	11.767225
766	11.786778
767	11.749535
768	11.773743
769	11.772812
770	11.788641
771	11.748604
772	11.762569
773	11.761639
774	11.754189
775	11.740224
776	11.797952
777	11.779329
778	11.767225
779	11.768156
780	11.785848
781	11.783054
782	11.743948
783	11.784916
784	11.789572
785	11.748604
786	11.746741
787	11.800745
788	11.736499
789	11.759776
790	11.766294
791	11.786778
792	11.791434
793	11.781192
794	11.744879
795	11.757915
796	11.772812
797	11.780261
798	11.810056
799	11.793296
800	11.767225
801	11.775605
802	11.784916
803	11.763501
804	11.737431
805	11.824953
806	11.767225
807	11.753259
808	11.792365
809	11.737431
810	11.751396
811	11.753259
812	11.744879
813	11.725326
814	11.747672
815	11.789572
816	11.777468
817	11.765363
818	11.738361
819	11.795158
820	11.774674
821	11.770949
822	11.736499
823	11.721601
824	11.786778
825	11.752328
826	11.793296
827	11.773743
828	11.810987
829	11.743017
830	11.747672
831	11.769088
832	11.764432
833	11.749535
834	11.756052
835	11.789572
836	11.799814
837	11.751396
838	11.738361
839	11.745811
840	11.770019
841	11.738361
842	11.815642
843	11.782123
844	11.803538
845	11.761639
846	11.765363
847	11.763501
848	11.796089
849	11.742085
850	11.776536
851	11.827746
852	11.776536
853	11.783985
854	11.791434
855	11.761639
856	11.785848
857	11.764432
858	11.779329
859	11.759776
860	11.777468
861	11.781192
862	11.772812
863	11.780261
864	11.803538
865	11.797952
866	11.779329
867	11.819366
868	11.773743
869	11.794228
870	11.750465
871	11.791434
872	11.770949
873	11.753259
874	11.766294
875	11.801676
876	11.777468
877	11.786778
878	11.797021
879	11.798882
880	11.743948
881	11.784916
882	11.786778
883	11.752328
884	11.790503
885	11.750465
886	11.740224
887	11.810056
888	11.785848
889	11.771881
890	11.764432
891	11.783054
892	11.739292
893	11.793296
894	11.730912
895	11.800745
896	11.759776
897	11.774674
898	11.786778
899	11.782123
900	11.792365
901	11.787709
902	11.784916
903	11.777468
904	11.792365
905	11.800745
906	11.743017
907	11.754189
908	11.801676
909	11.799814
910	11.794228
911	11.771881
912	11.761639
913	11.824022
914	11.799814
915	11.816573
916	11.765363
917	11.758845
918	11.758845
919	11.816573
920	11.752328
921	11.778399
922	11.770019
923	11.770019
924	11.765363
925	11.722532
926	11.756052
927	11.781192
928	11.785848
929	11.743948
930	11.781192
931	11.757915
932	11.807262
933	11.772812
934	11.743017
935	11.801676
936	11.761639
937	11.746741
938	11.756052
939	11.770019
940	11.755121
941	11.749535
942	11.777468
943	11.761639
944	11.788641
945	11.784916
946	11.774674
947	11.778399
948	11.770019
949	11.781192
950	11.810056
951	11.771881
952	11.810056
953	11.767225
954	11.764432
955	11.828678
956	11.789572
957	11.772812
958	11.743948
959	11.753259
960	11.754189
961	11.770019
962	11.742085
963	11.784916
964	11.807262
965	11.743948
966	11.773743
967	11.753259
968	11.762569
969	11.764432
970	11.746741
971	11.802608
972	11.761639
973	11.746741
974	11.770949
975	11.785848
976	11.790503
977	11.759776
978	11.761639
979	11.781192
980	11.766294
981	11.734637
982	11.767225
983	11.756983
984	11.807262
985	11.764432
986	11.799814
987	11.756983
988	11.766294
989	11.756052
990	11.747672
991	11.770019
992	11.779329
993	11.729051
994	11.794228
995	11.815642
996	11.815642
997	11.750465
998	11.783054
999	11.740224
1000	11.754189
1001	11.805401
1002	11.751396
1003	11.769088
1004	11.818436
1005	11.783054
1006	11.770949
1007	11.809125
1008	11.778399
1009	11.801676
1010	11.796089
1011	11.795158
1012	11.769088
1013	11.815642
1014	11.743017
1015	11.788641
1016	11.760708
1017	11.720671
1018	11.778399
1019	11.760708
1020	11.769088
1021	11.804469
1022	11.794228
1023	11.799814
1024	11.805401
1025	11.792365
1026	11.759776
1027	11.787709
1028	11.788641
1029	11.798882
1030	11.762569
1031	11.814712
1032	11.790503
1033	11.789572
1034	11.789572
1035	11.727188
1036	11.777468
1037	11.753259
1038	11.806332
1039	11.776536
1040	11.747672
1041	11.801676
1042	11.805401
1043	11.796089
1044	11.776536
1045	11.785848
1046	11.753259
1047	11.745811
1048	11.822160
1049	11.747672
1050	11.808193
1051	11.780261
1052	11.792365
1053	11.798882
1054	11.792365
1055	11.798882
1056	11.746741
1057	11.790503
1058	11.749535
1059	11.815642
1060	11.776536
1061	11.764432
1062	11.746741
1063	11.788641
1064	11.808193
1065	11.754189
1066	11.810987
1067	11.810987
1068	11.772812
1069	11.773743
1070	11.773743
1071	11.843575
1072	11.809125
1073	11.782123
1074	11.799814
1075	11.840782
1076	11.816573
1077	11.784916
1078	11.793296
1079	11.793296
1080	11.797021
1081	11.795158
1082	11.778399
1083	11.810056
1084	11.786778
1085	11.846369
1086	11.766294
1087	11.783985
1088	11.816573
1089	11.822160
1090	11.834265
1091	11.828678
1092	11.773743
1093	11.782123
1094	11.793296
1095	11.802608
1096	11.823092
1097	11.767225
1098	11.771881
1099	11.800745
1100	11.824022
1101	11.759776
1102	11.780261
1103	11.740224
1104	11.784916
1105	11.792365
1106	11.780261
1107	11.770019
1108	11.768156
1109	11.797021
1110	11.769088
1111	11.783985
1112	11.783054
1113	11.801676
1114	11.787709
1115	11.772812
1116	11.778399
1117	11.797952
1118	11.801676
1119	11.837989
1120	11.790503
1121	11.821229
1122	11.797021
1123	11.828678
1124	11.805401
1125	11.788641
1126	11.827746
1127	11.734637
1128	11.819366
1129	11.811918
1130	11.794228
1131	11.823092
1132	11.831471
1133	11.792365
1134	11.845438
1135	11.845438
1136	11.797021
1137	11.759776
1138	11.796089
1139	11.738361
1140	11.825885
1141	11.792365
1142	11.762569
1143	11.804469
1144	11.783985
1145	11.798882
1146	11.794228
1147	11.831471
1148	11.777468
1149	11.797952
1150	11.800745
1151	11.841713
1152	11.806332
1153	11.802608
1154	11.797952
1155	11.785848
1156	11.804469
1157	11.784916
1158	11.812849
1159	11.825885
1160	11.819366
1161	11.813780
1162	11.802608
1163	11.860335
1164	11.830540
1165	11.770949
1166	11.828678
1167	11.817505
1168	11.797952
1169	11.799814
1170	11.841713
1171	11.801676
1172	11.799814
1173	11.839851
1174	11.789572
1175	11.797021
1176	11.781192
1177	11.808193
1178	11.819366
1179	11.800745
1180	11.832402
1181	11.816573
1182	11.838920
1183	11.838920
1184	11.783054
1185	11.786778
1186	11.770949
1187	11.797021
1188	11.815642
1189	11.814712
1190	11.819366
1191	11.819366
1192	11.832402
1193	11.825885
1194	11.817505
1195	11.844506
1196	11.797952
1197	11.851025
1198	11.814712
1199	11.797021
1200	11.776536
1201	11.784916
1202	11.739292
1203	11.789572
1204	11.766294
1205	11.802608
1206	11.797952
1207	11.817505
1208	11.809125
1209	11.804469
1210	11.795158
1211	11.779329
1212	11.815642
1213	11.819366
1214	11.811918
1215	11.764432
1216	11.803538
1217	11.769088
1218	11.743948
1219	11.859405
1220	11.824022
1221	11.812849
1222	11.774674
1223	11.773743
1224	11.800745
1225	11.825885
1226	11.785848
1227	11.788641
1228	11.757915
1229	11.810056
1230	11.797952
1231	11.796089
1232	11.814712
1233	11.783054
1234	11.806332
1235	11.837058
1236	11.813780
1237	11.835196
1238	11.816573
1239	11.792365
1240	11.785848
1241	11.843575
1242	11.830540
1243	11.803538
1244	11.808193
1245	11.791434
1246	11.780261
1247	11.777468
1248	11.831471
1249	11.789572
1250	11.804469
1251	11.797952
1252	11.795158
1253	11.810056
1254	11.822160
1255	11.837058
1256	11.776536
1257	11.821229
1258	11.807262
1259	11.809125
1260	11.807262
1261	11.789572
1262	11.818436
1263	11.799814
1264	11.810056
1265	11.841713
1266	11.819366
1267	11.843575
1268	11.780261
1269	11.809125
1270	11.794228
1271	11.845438
1272	11.823092
1273	11.813780
1274	11.826816
1275	11.843575
1276	11.787709
1277	11.821229
1278	11.789572
1279	11.817505
1280	11.811918
1281	11.851955
1282	11.844506
1283	11.775605
1284	11.835196
1285	11.829609
1286	11.836126
1287	11.825885
1288	11.846369
1289	11.833333
1290	11.869646
1291	11.851025
1292	11.844506
1293	11.814712
1294	11.821229
1295	11.821229
1296	11.838920
1297	11.791434
1298	11.812849
1299	11.829609
1300	11.785848
1301	11.865922
1302	11.829609
1303	11.817505
1304	11.809125
1305	11.860335
1306	11.830540
1307	11.810987
1308	11.802608
1309	11.836126
1310	11.812849
1311	11.849162
1312	11.824953
1313	11.788641
1314	11.805401
1315	11.857542
1316	11.824022
1317	11.827746
1318	11.824022
1319	11.810056
1320	11.839851
1321	11.793296
1322	11.824953
1323	11.859405
1324	11.875233
1325	11.835196
1326	11.797021
1327	11.810056
1328	11.815642
1329	11.792365
1330	11.810056
1331	11.866853
1332	11.807262
1333	11.802608
1334	11.848231
1335	11.809125
1336	11.824022
1337	11.844506
1338	11.870577
1339	11.796089
1340	11.846369
1341	11.832402
1342	11.782123
1343	11.801676
1344	11.811918
1345	11.867784
1346	11.861266
1347	11.804469
1348	11.785848
1349	11.871509
1350	11.819366
1351	11.860335
1352	11.882682
1353	11.859405
1354	11.826816
1355	11.827746
1356	11.851955
1357	11.806332
1358	11.852886
1359	11.890130
1360	11.841713
1361	11.830540
1362	11.844506
1363	11.830540
1364	11.844506
1365	11.852886
1366	11.856611
1367	11.807262
1368	11.782123
1369	11.864059
1370	11.845438
1371	11.847300
1372	11.838920
1373	11.843575
1374	11.896648
1375	11.843575
1376	11.812849
1377	11.857542
1378	11.844506
1379	11.851025
1380	11.866853
1381	11.842645
1382	11.864990
1383	11.855680
1384	11.838920
1385	11.851025
1386	11.826816
1387	11.836126
1388	11.838920
1389	11.823092
1390	11.855680
1391	11.808193
1392	11.874302
1393	11.848231
1394	11.819366
1395	11.798882
1396	11.791434
1397	11.825885
1398	11.842645
1399	11.822160
1400	11.784916
1401	11.816573
1402	11.792365
1403	11.832402
1404	11.833333
1405	11.819366
1406	11.823092
1407	11.800745
1408	11.878957
1409	11.820298
1410	11.824953
1411	11.819366
1412	11.824022
1413	11.832402
1414	11.815642
1415	11.809125
1416	11.883613
1417	11.824022
1418	11.824022
1419	11.828678
1420	11.851955
1421	11.797952
1422	11.819366
1423	11.815642
1424	11.819366
1425	11.797021
1426	11.867784
1427	11.843575
1428	11.874302
1429	11.832402
1430	11.837989
1431	11.827746
1432	11.803538
1433	11.810987
1434	11.828678
1435	11.831471
