X	Y
0	21.502
1	21.455
2	21.474
3	21.464
4	21.564
5	21.543
6	21.557
7	21.556
8	21.620
9	21.574
10	21.621
11	21.533
12	21.595
13	21.505
14	21.728
15	21.534
16	21.596
17	21.631
18	21.706
19	21.666
20	21.620
21	21.792
22	21.688
23	21.699
24	21.747
25	21.721
26	21.759
27	21.796
28	21.799
29	21.716
30	21.801
31	21.816
32	21.784
33	21.871
34	21.835
35	21.949
36	21.883
37	21.940
38	21.959
39	21.956
40	21.914
41	22.024
42	21.971
43	21.987
44	21.979
45	22.067
46	22.060
47	22.083
48	22.037
49	22.169
50	22.182
51	22.152
52	22.147
53	22.118
54	22.261
55	22.197
56	22.217
57	22.350
58	22.214
59	22.232
60	22.389
61	22.329
62	22.412
63	22.290
64	22.358
65	22.529
66	22.479
67	22.510
68	22.606
69	22.605
70	22.539
71	22.669
72	22.691
73	22.741
74	22.836
75	22.971
76	22.802
77	22.866
78	23.009
79	22.982
80	23.098
81	23.151
82	23.192
83	23.262
84	23.162
85	23.435
86	23.395
87	23.352
88	23.550
89	23.609
90	23.519
91	23.712
92	23.769
93	23.803
94	23.863
95	23.893
96	23.990
97	24.083
98	24.162
99	24.225
100	24.224
101	24.308
102	24.352
103	24.387
104	24.585
105	24.640
106	24.624
107	24.599
108	24.725
109	24.854
110	24.782
111	24.834
112	24.838
113	24.869
114	24.968
115	24.982
116	25.059
117	25.075
118	25.215
119	25.117
120	25.215
121	25.164
122	25.251
123	25.173
124	25.326
125	25.402
126	25.297
127	25.459
128	25.412
129	25.377
130	25.407
131	25.422
132	25.480
133	25.525
134	25.697
135	25.630
136	25.642
137	25.671
138	25.658
139	25.598
140	25.635
141	25.699
142	25.708
143	25.675
144	25.722
145	25.808
146	25.802
147	25.795
148	25.787
149	26.026
150	25.816
151	25.928
152	25.953
153	25.916
154	25.942
155	25.995
156	26.032
157	26.122
158	25.965
159	25.978
160	25.956
161	25.974
162	26.082
163	25.908
164	26.001
165	26.085
166	25.998
167	26.028
168	26.038
169	26.045
170	25.912
171	26.078
172	26.043
173	26.068
174	26.070
175	26.015
176	26.153
177	25.996
178	26.191
179	26.175
180	26.151
181	26.272
182	26.193
183	26.230
184	26.309
185	26.174
186	26.250
187	26.329
188	26.413
189	26.447
190	26.501
191	26.396
192	26.560
193	26.584
194	26.538
195	26.756
196	26.725
197	26.799
198	26.831
199	26.939
200	26.903
201	27.005
202	27.066
203	27.048
204	27.213
205	27.315
206	27.358
207	27.541
208	27.411
209	27.570
210	27.583
211	27.615
212	27.696
213	27.801
214	27.892
215	28.025
216	28.109
217	28.091
218	28.162
219	28.314
220	28.321
221	28.486
222	28.609
223	28.578
224	28.672
225	28.803
226	28.912
227	28.862
228	28.978
229	28.938
230	29.109
231	29.158
232	29.175
233	29.238
234	29.153
235	29.242
236	29.254
237	29.370
238	29.356
239	29.309
240	29.398
241	29.394
242	29.286
243	29.383
244	29.405
245	29.458
246	29.428
247	29.440
248	29.370
249	29.464
250	29.351
251	29.389
252	29.328
253	29.433
254	29.436
255	29.426
256	29.313
257	29.517
258	29.402
259	29.437
260	29.417
261	29.359
262	29.398
263	29.240
264	29.334
265	29.303
266	29.355
267	29.302
268	29.344
269	29.263
270	29.258
271	29.214
272	29.201
273	29.198
274	29.126
275	29.101
276	29.254
277	29.048
278	28.922
279	29.002
280	28.929
281	28.770
282	28.887
283	28.787
284	28.783
285	28.729
286	28.732
287	28.584
288	28.648
289	28.579
290	28.528
291	28.572
292	28.328
293	28.497
294	28.392
295	28.256
296	28.350
297	28.275
298	28.262
299	28.222
300	28.160
301	28.133
302	28.226
303	28.133
304	28.178
305	28.143
306	28.205
307	28.217
308	28.223
309	28.270
310	28.379
311	28.222
312	28.422
313	28.438
314	28.310
315	28.468
316	28.421
317	28.502
318	28.479
319	28.530
320	28.676
321	28.583
322	28.772
323	28.797
324	28.781
325	28.769
326	28.914
327	28.919
328	29.035
329	29.154
330	29.055
331	29.100
332	29.227
333	29.445
334	29.449
335	29.422
336	29.616
337	29.604
338	29.635
339	29.745
340	29.959
341	29.864
342	30.112
343	30.121
344	30.196
345	30.308
346	30.364
347	30.503
348	30.538
349	30.642
350	30.599
351	30.738
352	30.937
353	30.926
354	30.970
355	31.123
356	31.194
357	31.412
358	31.519
359	31.416
360	31.640
361	31.627
362	31.788
363	31.906
364	32.001
365	32.054
366	32.147
367	32.198
368	32.454
369	32.525
370	32.449
371	32.795
372	32.851
373	32.959
374	33.021
375	33.158
376	33.266
377	33.407
378	33.501
379	33.714
380	33.697
381	33.905
382	34.054
383	34.125
384	34.303
385	34.372
386	34.631
387	34.752
388	34.974
389	35.032
390	35.223
391	35.372
392	35.560
393	35.838
394	35.881
395	36.028
396	36.347
397	36.514
398	36.632
399	36.797
400	36.964
401	37.347
402	37.508
403	37.756
404	37.731
405	38.110
406	38.508
407	38.627
408	38.886
409	39.132
410	39.404
411	39.733
412	39.899
413	40.440
414	40.709
415	41.078
416	41.275
417	41.779
418	42.141
419	42.404
420	42.777
421	43.238
422	43.839
423	44.181
424	44.653
425	45.221
426	45.686
427	46.251
428	46.632
429	47.238
430	47.718
431	48.317
432	49.095
433	49.510
434	50.110
435	50.775
436	51.440
437	52.274
438	52.914
439	53.647
440	54.437
441	55.446
442	55.950
443	56.871
444	57.611
445	58.526
446	59.382
447	60.288
448	61.291
449	62.051
450	62.970
451	63.751
452	64.683
453	65.566
454	66.326
455	67.161
456	68.006
457	69.095
458	69.803
459	70.600
460	71.336
461	72.106
462	72.702
463	73.532
464	74.131
465	74.612
466	75.360
467	76.031
468	76.559
469	77.196
470	77.860
471	78.226
472	78.726
473	79.180
474	79.678
475	80.319
476	80.538
477	81.077
478	81.615
479	82.085
480	82.244
481	82.607
482	83.164
483	83.454
484	83.974
485	84.207
486	84.841
487	85.150
488	85.389
489	85.879
490	86.269
491	86.666
492	86.831
493	87.379
494	87.795
495	88.064
496	88.441
497	88.698
498	89.313
499	89.730
500	90.026
501	90.468
502	90.871
503	91.230
504	91.612
505	92.015
506	92.332
507	92.884
508	93.351
509	93.729
510	94.193
511	94.674
512	95.073
513	95.790
514	95.962
515	96.670
516	97.292
517	97.889
518	98.324
519	99.106
520	99.358
521	100.073
522	100.667
523	101.428
524	101.984
525	102.761
526	103.253
527	104.219
528	104.847
529	105.695
530	106.333
531	107.250
532	107.998
533	108.982
534	109.740
535	110.698
536	111.533
537	112.719
538	113.500
539	114.412
540	115.649
541	116.457
542	117.455
543	118.876
544	119.819
545	121.080
546	122.226
547	123.318
548	124.595
549	125.868
550	127.082
551	128.177
552	129.659
553	130.785
554	131.926
555	133.411
556	134.631
557	135.916
558	137.073
559	138.278
560	139.631
561	140.902
562	142.176
563	143.236
564	144.525
565	145.854
566	147.047
567	148.030
568	149.053
569	150.516
570	151.367
571	152.405
572	153.741
573	154.509
574	155.666
575	156.447
576	157.594
577	158.485
578	159.489
579	160.218
580	161.037
581	161.766
582	162.640
583	163.304
584	163.948
585	164.644
586	165.103
587	166.154
588	166.389
589	167.110
590	167.688
591	168.142
592	168.570
593	169.105
594	169.495
595	169.546
596	170.021
597	170.394
598	170.573
599	170.803
600	171.143
601	171.612
602	171.564
603	171.732
604	172.108
605	172.155
606	172.045
607	172.087
608	172.060
609	171.971
610	172.070
611	171.840
612	171.836
613	171.812
614	171.844
615	171.704
616	171.687
617	171.289
618	171.424
619	170.796
620	170.943
621	170.775
622	170.400
623	170.409
624	170.290
625	170.126
626	169.761
627	169.624
628	169.060
629	169.284
630	168.827
631	168.737
632	168.286
633	168.493
634	168.333
635	167.849
636	167.728
637	167.389
638	167.311
639	166.698
640	166.869
641	166.839
642	166.494
643	166.167
644	166.274
645	166.254
646	166.535
647	165.896
648	165.959
649	165.985
650	165.737
651	165.801
652	165.965
653	165.737
654	165.613
655	165.887
656	165.688
657	166.014
658	166.033
659	166.015
660	166.385
661	166.430
662	166.888
663	166.946
664	166.993
665	167.372
666	167.400
667	167.881
668	168.112
669	168.105
670	168.601
671	168.613
672	169.220
673	169.284
674	169.520
675	169.937
676	170.235
677	170.534
678	170.836
679	170.980
680	171.397
681	171.710
682	171.892
683	172.201
684	172.455
685	172.578
686	172.821
687	173.093
688	173.225
689	173.354
690	173.378
691	173.587
692	173.410
693	173.734
694	173.768
695	173.680
696	173.700
697	173.591
698	173.689
699	173.340
700	173.226
701	172.978
702	173.016
703	172.795
704	172.657
705	172.344
706	172.072
707	171.788
708	171.345
709	170.972
710	170.385
711	169.870
712	169.478
713	168.860
714	168.442
715	167.835
716	167.375
717	166.641
718	166.139
719	165.160
720	164.536
721	163.922
722	163.185
723	162.561
724	161.843
725	160.828
726	159.902
727	159.301
728	158.244
729	157.393
730	156.501
731	155.632
732	154.964
733	154.085
734	153.105
735	151.933
736	151.318
737	150.309
738	149.244
739	148.380
740	147.440
741	146.543
742	145.303
743	144.300
744	143.204
745	142.331
746	141.176
747	140.190
748	139.370
749	138.008
750	137.304
751	135.870
752	134.946
753	133.805
754	132.644
755	131.365
756	130.067
757	129.458
758	127.998
759	126.849
760	125.742
761	124.486
762	123.353
763	122.566
764	120.899
765	120.292
766	119.018
767	117.945
768	116.894
769	115.905
770	115.049
771	114.079
772	112.849
773	112.209
774	111.353
775	110.290
776	109.405
777	108.748
778	107.903
779	107.078
780	106.189
781	105.739
782	104.786
783	104.162
784	103.594
785	102.910
786	102.226
787	101.841
788	100.959
789	100.675
790	99.791
791	99.476
792	98.986
793	98.412
794	97.887
795	97.271
796	96.770
797	96.581
798	96.111
799	95.691
800	95.036
801	94.772
802	94.458
803	93.857
804	93.331
805	93.037
806	92.669
807	92.201
808	91.744
809	91.385
810	90.831
811	90.559
812	89.888
813	89.566
814	89.009
815	88.705
816	88.287
817	87.979
818	87.557
819	86.765
820	86.607
821	86.163
822	85.546
823	85.005
824	84.701
825	84.269
826	83.729
827	83.165
828	82.841
829	82.275
830	81.827
831	81.391
832	80.646
833	80.261
834	79.842
835	79.188
836	78.668
837	78.410
838	77.825
839	77.146
840	76.859
841	76.271
842	75.527
843	75.132
844	74.713
845	74.085
846	73.573
847	72.862
848	72.288
849	71.438
850	71.172
851	70.473
852	69.802
853	69.319
854	68.895
855	68.310
856	67.595
857	67.118
858	66.420
859	65.821
860	65.218
861	64.719
862	64.103
863	63.353
864	62.826
865	62.446
866	61.588
867	60.996
868	60.426
869	59.746
870	59.260
871	58.705
872	57.973
873	57.629
874	56.948
875	56.507
876	55.944
877	55.375
878	54.972
879	54.149
880	53.658
881	53.260
882	52.827
883	52.210
884	51.906
885	51.382
886	50.801
887	50.581
888	50.157
889	49.678
890	49.371
891	48.940
892	48.543
893	48.232
894	47.765
895	47.612
896	47.262
897	46.965
898	46.702
899	46.380
900	46.173
901	45.908
902	45.739
903	45.606
904	45.438
905	45.172
906	44.926
907	44.714
908	44.685
909	44.463
910	44.315
911	44.332
912	44.179
913	44.014
914	43.954
915	43.909
916	43.716
917	43.723
918	43.616
919	43.611
920	43.577
921	43.477
922	43.422
923	43.499
924	43.362
925	43.392
926	43.586
927	43.332
928	43.491
929	43.423
930	43.397
931	43.457
932	43.441
933	43.491
934	43.510
935	43.564
936	43.504
937	43.658
938	43.464
939	43.526
940	43.677
941	43.639
942	43.586
943	43.630
944	43.674
945	43.753
946	43.837
947	43.817
948	43.861
949	43.901
950	43.820
951	43.976
952	44.057
953	43.988
954	44.063
955	44.002
956	43.969
957	44.100
958	44.321
959	44.238
960	44.203
961	44.260
962	44.227
963	44.307
964	44.337
965	44.339
966	44.383
967	44.430
968	44.508
969	44.561
970	44.671
971	44.687
972	44.639
973	44.452
974	44.731
975	44.784
976	44.753
977	45.019
978	44.988
979	44.967
980	45.024
981	45.099
982	44.998
983	45.026
984	45.214
985	45.156
986	45.314
987	45.417
988	45.448
989	45.401
990	45.485
991	45.762
992	45.531
993	45.598
994	45.622
995	45.711
996	45.755
997	45.852
998	45.846
999	45.987
1000	45.881
1001	45.961
1002	46.023
1003	46.203
1004	46.189
1005	46.095
1006	46.214
1007	46.253
1008	46.282
1009	46.495
1010	46.446
1011	46.439
1012	46.569
1013	46.634
1014	46.552
1015	46.629
1016	46.844
1017	46.798
1018	46.907
1019	46.784
1020	46.971
1021	47.161
1022	47.021
1023	47.075
1024	47.177
1025	47.196
1026	47.331
1027	47.325
1028	47.356
1029	47.532
1030	47.657
1031	47.517
1032	47.559
1033	47.820
1034	47.789
1035	47.734
1036	47.784
1037	47.908
1038	48.133
1039	47.817
1040	48.012
1041	48.053
1042	48.146
1043	48.216
1044	48.221
1045	48.351
1046	48.282
1047	48.265
1048	48.344
1049	48.405
1050	48.345
1051	48.400
1052	48.470
1053	48.436
1054	48.419
1055	48.589
1056	48.665
1057	48.502
1058	48.541
1059	48.622
1060	48.435
1061	48.556
1062	48.660
1063	48.681
1064	48.752
1065	48.593
1066	48.672
1067	48.572
1068	48.706
1069	48.687
1070	48.767
1071	48.621
1072	48.819
1073	48.644
1074	48.646
1075	48.681
1076	48.408
1077	48.396
1078	48.465
1079	48.482
1080	48.501
1081	48.484
1082	48.384
1083	48.344
1084	48.257
1085	48.267
1086	48.245
1087	48.292
1088	48.285
1089	48.071
1090	48.104
1091	47.928
1092	47.956
1093	47.961
1094	48.021
1095	47.857
1096	47.859
1097	47.736
1098	47.721
1099	47.560
1100	47.515
1101	47.447
1102	47.565
1103	47.417
1104	47.459
1105	47.403
1106	47.147
1107	47.178
1108	47.048
1109	47.046
1110	47.003
1111	46.910
1112	46.805
1113	46.722
1114	46.735
1115	46.755
1116	46.595
1117	46.552
1118	46.531
1119	46.209
1120	46.275
1121	46.250
1122	46.097
1123	46.135
1124	45.994
1125	46.060
1126	45.882
1127	45.735
1128	45.848
1129	45.615
1130	45.528
1131	45.363
1132	45.409
1133	45.345
1134	45.414
1135	45.173
1136	45.107
1137	45.241
1138	45.109
1139	44.932
1140	44.975
1141	44.878
1142	44.874
1143	44.874
1144	44.790
1145	44.836
1146	44.682
1147	44.531
1148	44.462
1149	44.437
1150	44.491
1151	44.371
1152	44.300
1153	44.208
1154	44.229
1155	44.137
1156	44.070
1157	44.125
1158	44.166
1159	44.023
1160	44.064
1161	43.844
1162	43.932
1163	43.661
1164	43.798
1165	43.812
1166	43.797
1167	43.865
1168	43.496
1169	43.724
1170	43.499
1171	43.526
1172	43.350
1173	43.330
1174	43.379
1175	43.256
1176	43.324
1177	43.256
1178	43.068
1179	43.053
1180	42.993
1181	42.908
1182	42.801
1183	42.888
1184	42.733
1185	42.816
1186	42.768
1187	42.464
1188	42.557
1189	42.300
1190	42.397
1191	42.365
1192	42.326
1193	42.305
1194	42.103
1195	42.011
1196	41.932
1197	41.788
1198	41.650
1199	41.565
1200	41.414
1201	41.434
1202	41.291
1203	41.220
1204	41.147
1205	41.156
1206	40.921
1207	40.750
1208	40.881
1209	40.626
1210	40.584
1211	40.385
1212	40.285
1213	40.283
1214	40.028
1215	39.936
1216	39.876
1217	39.754
1218	39.702
1219	39.558
1220	39.489
1221	39.189
1222	39.198
1223	38.959
1224	38.943
1225	38.633
1226	38.529
1227	38.597
1228	38.310
1229	38.205
1230	38.156
1231	37.969
1232	37.878
1233	37.639
1234	37.468
1235	37.453
1236	37.192
1237	37.143
1238	36.991
1239	36.908
1240	36.693
1241	36.583
1242	36.491
1243	36.296
1244	36.222
1245	36.139
1246	35.889
1247	35.840
1248	35.644
1249	35.654
1250	35.477
1251	35.207
1252	35.262
1253	35.149
1254	34.963
1255	34.865
1256	34.780
1257	34.688
1258	34.541
1259	34.528
1260	34.478
1261	34.256
1262	34.207
1263	34.125
1264	34.175
1265	33.929
1266	33.626
1267	33.828
1268	33.758
1269	33.506
1270	33.502
1271	33.412
1272	33.357
1273	33.293
1274	33.180
1275	33.043
1276	33.202
1277	33.100
1278	32.906
1279	32.861
1280	32.817
1281	32.813
1282	32.802
1283	32.616
1284	32.599
1285	32.496
1286	32.561
1287	32.521
1288	32.459
1289	32.308
1290	32.349
1291	32.211
1292	32.237
1293	32.127
1294	31.926
1295	32.021
1296	31.937
1297	31.983
1298	31.912
1299	31.778
1300	31.641
1301	31.652
1302	31.632
1303	31.593
1304	31.517
1305	31.526
1306	31.427
1307	31.345
1308	31.494
1309	31.249
1310	31.284
1311	31.038
1312	31.078
1313	31.130
1314	30.928
1315	30.955
1316	30.892
1317	30.869
1318	30.747
1319	30.663
1320	30.764
1321	30.677
1322	30.717
1323	30.552
1324	30.516
1325	30.458
1326	30.390
1327	30.300
1328	30.253
1329	30.149
1330	30.025
1331	29.958
1332	30.136
1333	29.885
1334	29.750
1335	29.859
1336	29.776
1337	29.636
1338	29.578
1339	29.594
1340	29.578
1341	29.483
1342	29.336
1343	29.288
1344	29.307
1345	29.256
1346	29.233
1347	29.134
1348	29.165
1349	28.915
1350	29.022
1351	28.905
1352	28.793
1353	28.921
1354	28.709
1355	28.665
1356	28.452
1357	28.588
1358	28.579
1359	28.582
1360	28.340
1361	28.360
1362	28.279
1363	28.252
1364	28.144
1365	28.129
1366	28.136
1367	28.024
1368	27.889
1369	27.957
1370	27.952
1371	27.896
1372	27.766
1373	27.724
1374	27.669
1375	27.648
1376	27.755
1377	27.567
1378	27.514
1379	27.470
1380	27.471
1381	27.405
1382	27.477
1383	27.345
1384	27.399
1385	27.414
1386	27.285
1387	27.254
1388	27.206
1389	27.114
1390	27.133
1391	27.060
1392	27.071
1393	27.111
1394	26.986
1395	26.887
1396	27.010
1397	26.973
1398	26.933
1399	26.914
1400	26.895
1401	26.721
1402	26.840
1403	26.740
1404	26.718
1405	26.856
1406	26.643
1407	26.736
1408	26.655
1409	26.588
1410	26.617
1411	26.732
1412	26.539
1413	26.556
1414	26.609
1415	26.612
1416	26.511
1417	26.466
1418	26.596
1419	26.487
1420	26.428
1421	26.463
1422	26.509
1423	26.375
1424	26.428
1425	26.390
