X	Y
0	46.095
1	46.072
2	46.201
3	46.199
4	46.136
5	46.124
6	46.130
7	46.148
8	46.148
9	46.203
10	46.131
11	46.132
12	46.146
13	46.121
14	46.146
15	46.216
16	46.226
17	46.188
18	46.118
19	46.283
20	46.216
21	46.228
22	46.210
23	46.258
24	46.221
25	46.182
26	46.180
27	46.157
28	46.307
29	46.161
30	46.194
31	46.263
32	46.185
33	46.305
34	46.283
35	46.252
36	46.252
37	46.175
38	46.253
39	46.300
40	46.327
41	46.247
42	46.263
43	46.318
44	46.303
45	46.261
46	46.304
47	46.235
48	46.466
49	46.381
50	46.423
51	46.444
52	46.474
53	46.369
54	46.520
55	46.440
56	46.546
57	46.466
58	46.554
59	46.547
60	46.542
61	46.546
62	46.603
63	46.663
64	46.735
65	46.686
66	46.635
67	46.770
68	46.844
69	46.804
70	46.787
71	46.891
72	46.828
73	46.933
74	46.975
75	47.066
76	47.048
77	46.988
78	47.034
79	47.117
80	47.139
81	47.137
82	47.160
83	47.267
84	47.253
85	47.294
86	47.413
87	47.334
88	47.440
89	47.440
90	47.424
91	47.546
92	47.525
93	47.498
94	47.603
95	47.675
96	47.544
97	47.680
98	47.723
99	47.742
100	47.741
101	47.852
102	47.761
103	47.830
104	47.860
105	47.815
106	47.861
107	47.822
108	47.845
109	47.895
110	47.934
111	47.949
112	47.884
113	47.967
114	47.980
115	47.966
116	47.969
117	48.035
118	48.034
119	47.990
120	48.008
121	47.999
122	47.947
123	48.088
124	48.095
125	48.007
126	48.145
127	47.966
128	48.027
129	48.051
130	48.018
131	48.084
132	48.025
133	47.997
134	48.034
135	48.094
136	48.112
137	48.016
138	47.960
139	48.121
140	48.110
141	47.993
142	47.928
143	48.058
144	47.969
145	47.988
146	47.900
147	47.970
148	48.001
149	47.844
150	47.856
151	47.898
152	47.827
153	47.804
154	47.823
155	47.913
156	47.793
157	47.835
158	47.830
159	47.828
160	47.719
161	47.755
162	47.687
163	47.661
164	47.633
165	47.680
166	47.568
167	47.561
168	47.569
169	47.596
170	47.496
171	47.515
172	47.521
173	47.474
174	47.505
175	47.387
176	47.414
177	47.447
178	47.296
179	47.394
180	47.426
181	47.323
182	47.362
183	47.360
184	47.337
185	47.244
186	47.196
187	47.152
188	47.257
189	47.261
190	47.297
191	47.156
192	47.245
193	47.172
194	47.221
195	47.188
196	47.134
197	47.236
198	47.095
199	47.197
200	47.211
201	47.163
202	47.154
203	47.159
204	47.151
205	47.176
206	47.208
207	47.267
208	47.218
209	47.145
210	47.229
211	47.258
212	47.302
213	47.264
214	47.228
215	47.316
216	47.341
217	47.320
218	47.435
219	47.388
220	47.318
221	47.428
222	47.422
223	47.612
224	47.456
225	47.507
226	47.506
227	47.614
228	47.550
229	47.678
230	47.689
231	47.716
232	47.786
233	47.822
234	47.812
235	47.924
236	47.848
237	47.933
238	47.873
239	47.989
240	48.074
241	48.082
242	48.095
243	48.259
244	48.190
245	48.216
246	48.230
247	48.307
248	48.349
249	48.308
250	48.433
251	48.538
252	48.583
253	48.508
254	48.463
255	48.508
256	48.531
257	48.439
258	48.566
259	48.645
260	48.582
261	48.726
262	48.671
263	48.706
264	48.670
265	48.659
266	48.745
267	48.775
268	48.754
269	48.715
270	48.786
271	48.814
272	48.894
273	48.685
274	48.878
275	48.865
276	48.796
277	48.802
278	48.813
279	48.858
280	48.936
281	48.849
282	48.770
283	48.893
284	48.864
285	48.808
286	48.716
287	48.873
288	48.810
289	48.723
290	48.821
291	48.914
292	48.765
293	48.831
294	48.807
295	48.798
296	48.778
297	48.670
298	48.694
299	48.853
300	48.672
301	48.693
302	48.705
303	48.686
304	48.698
305	48.586
306	48.531
307	48.560
308	48.571
309	48.640
310	48.514
311	48.529
312	48.435
313	48.360
314	48.386
315	48.372
316	48.286
317	48.290
318	48.232
319	48.225
320	48.199
321	48.145
322	48.139
323	48.167
324	48.158
325	48.085
326	47.994
327	47.943
328	48.005
329	47.886
330	47.888
331	47.854
332	47.734
333	47.790
334	47.830
335	47.791
336	47.772
337	47.790
338	47.636
339	47.686
340	47.715
341	47.609
342	47.556
343	47.597
344	47.581
345	47.541
346	47.525
347	47.543
348	47.531
349	47.512
350	47.512
351	47.590
352	47.604
353	47.536
354	47.566
355	47.658
356	47.587
357	47.646
358	47.668
359	47.762
360	47.682
361	47.638
362	47.635
363	47.766
364	47.823
365	47.873
366	47.843
367	47.946
368	48.028
369	48.081
370	48.089
371	48.128
372	48.114
373	48.217
374	48.237
375	48.425
376	48.410
377	48.527
378	48.658
379	48.751
380	48.889
381	48.952
382	48.988
383	49.276
384	49.314
385	49.378
386	49.473
387	49.681
388	49.764
389	49.998
390	49.992
391	50.236
392	50.356
393	50.423
394	50.556
395	50.800
396	50.830
397	51.099
398	51.087
399	51.222
400	51.395
401	51.462
402	51.540
403	51.755
404	51.951
405	52.071
406	52.076
407	52.236
408	52.315
409	52.475
410	52.546
411	52.533
412	52.668
413	52.800
414	52.829
415	52.871
416	52.886
417	52.891
418	53.046
419	53.155
420	53.226
421	53.265
422	53.187
423	53.209
424	53.203
425	53.155
426	53.335
427	53.443
428	53.465
429	53.333
430	53.414
431	53.404
432	53.428
433	53.441
434	53.400
435	53.437
436	53.432
437	53.404
438	53.452
439	53.500
440	53.377
441	53.350
442	53.322
443	53.348
444	53.315
445	53.342
446	53.316
447	53.267
448	53.336
449	53.234
450	53.101
451	53.082
452	53.031
453	53.062
454	53.078
455	52.921
456	53.014
457	52.877
458	52.862
459	52.833
460	52.689
461	52.598
462	52.498
463	52.389
464	52.440
465	52.231
466	52.130
467	51.949
468	52.008
469	51.877
470	51.575
471	51.620
472	51.536
473	51.229
474	51.200
475	51.091
476	50.971
477	50.735
478	50.658
479	50.514
480	50.529
481	50.274
482	50.162
483	50.017
484	49.929
485	49.646
486	49.595
487	49.544
488	49.420
489	49.298
490	49.143
491	49.085
492	49.077
493	48.878
494	48.792
495	48.733
496	48.520
497	48.517
498	48.477
499	48.537
500	48.414
501	48.414
502	48.273
503	48.220
504	48.237
505	48.105
506	48.153
507	48.111
508	48.097
509	48.038
510	48.040
511	48.031
512	48.011
513	47.955
514	47.954
515	47.848
516	47.924
517	47.832
518	47.874
519	47.826
520	47.904
521	47.944
522	47.894
523	48.013
524	48.010
525	47.974
526	47.929
527	48.018
528	48.101
529	48.007
530	48.160
531	48.237
532	48.151
533	48.211
534	48.289
535	48.386
536	48.418
537	48.490
538	48.562
539	48.744
540	48.807
541	48.920
542	48.991
543	48.949
544	49.078
545	49.225
546	49.321
547	49.375
548	49.504
549	49.690
550	49.789
551	49.912
552	50.022
553	50.038
554	50.220
555	50.284
556	50.398
557	50.443
558	50.528
559	50.597
560	50.777
561	50.787
562	50.807
563	50.952
564	50.958
565	50.990
566	51.101
567	51.182
568	51.123
569	51.071
570	51.153
571	51.265
572	51.247
573	51.279
574	51.221
575	51.274
576	51.427
577	51.316
578	51.287
579	51.411
580	51.430
581	51.379
582	51.293
583	51.395
584	51.418
585	51.361
586	51.468
587	51.487
588	51.386
589	51.377
590	51.566
591	51.547
592	51.513
593	51.494
594	51.604
595	51.501
596	51.544
597	51.493
598	51.495
599	51.448
600	51.451
601	51.503
602	51.455
603	51.522
604	51.549
605	51.481
606	51.453
607	51.450
608	51.479
609	51.379
610	51.408
611	51.466
612	51.378
613	51.337
614	51.202
615	51.166
616	51.130
617	51.095
618	51.103
619	51.068
620	50.991
621	50.980
622	50.814
623	50.718
624	50.677
625	50.656
626	50.530
627	50.406
628	50.303
629	50.164
630	50.103
631	49.954
632	49.909
633	49.724
634	49.619
635	49.580
636	49.408
637	49.336
638	49.183
639	49.040
640	49.032
641	48.955
642	48.711
643	48.828
644	48.622
645	48.584
646	48.481
647	48.511
648	48.386
649	48.317
650	48.397
651	48.264
652	48.240
653	48.173
654	48.126
655	48.120
656	47.995
657	48.037
658	48.069
659	48.017
660	48.017
661	47.960
662	47.927
663	48.007
664	47.906
665	47.908
666	47.929
667	47.958
668	47.985
669	47.971
670	48.006
671	48.000
672	47.996
673	48.120
674	48.110
675	48.178
676	48.359
677	48.235
678	48.352
679	48.648
680	48.722
681	48.966
682	49.155
683	49.508
684	49.917
685	50.405
686	51.014
687	51.700
688	52.567
689	53.466
690	54.546
691	55.974
692	57.350
693	58.968
694	61.018
695	63.081
696	65.218
697	67.621
698	70.287
699	73.171
700	75.994
701	78.966
702	81.986
703	85.119
704	88.138
705	91.099
706	93.827
707	96.728
708	99.459
709	101.815
710	104.005
711	106.108
712	108.057
713	109.641
714	111.340
715	112.753
716	113.843
717	114.931
718	115.950
719	116.666
720	117.280
721	117.813
722	118.229
723	119.040
724	119.215
725	119.456
726	119.755
727	120.100
728	120.524
729	120.843
730	120.928
731	121.289
732	121.648
733	121.966
734	122.093
735	122.227
736	122.155
737	122.690
738	122.713
739	122.946
740	123.026
741	123.236
742	123.340
743	123.462
744	123.434
745	123.621
746	123.693
747	124.001
748	123.865
749	123.870
750	123.983
751	124.261
752	124.409
753	124.437
754	124.446
755	124.430
756	124.414
757	124.474
758	124.661
759	124.717
760	124.422
761	124.388
762	124.464
763	124.433
764	124.310
765	124.315
766	124.113
767	123.773
768	123.561
769	123.296
770	122.926
771	122.508
772	121.972
773	121.296
774	120.465
775	119.428
776	118.231
777	116.770
778	115.263
779	113.693
780	111.414
781	109.281
782	106.542
783	103.951
784	100.953
785	97.989
786	94.668
787	91.616
788	88.474
789	85.066
790	81.761
791	78.859
792	75.937
793	73.160
794	70.697
795	68.443
796	66.383
797	64.358
798	62.829
799	61.450
800	60.226
801	58.935
802	58.089
803	57.193
804	56.554
805	55.875
806	55.269
807	54.782
808	54.250
809	53.842
810	53.485
811	53.023
812	52.698
813	52.280
814	52.051
815	51.795
816	51.520
817	51.188
818	51.057
819	50.826
820	50.550
821	50.290
822	50.174
823	49.957
824	49.920
825	49.678
826	49.559
827	49.330
828	49.240
829	49.141
830	49.072
831	48.902
832	48.920
833	48.701
834	48.561
835	48.552
836	48.517
837	48.363
838	48.430
839	48.464
840	48.574
841	48.909
842	49.543
843	50.476
844	51.522
845	52.977
846	54.746
847	56.636
848	58.964
849	61.821
850	65.060
851	68.652
852	72.851
853	77.617
854	83.222
855	89.629
856	96.413
857	103.382
858	110.976
859	118.194
860	125.443
861	132.721
862	139.698
863	146.526
864	153.088
865	158.900
866	164.639
867	169.423
868	173.855
869	176.640
870	179.480
871	181.937
872	183.734
873	185.466
874	186.513
875	187.916
876	188.883
877	190.193
878	191.097
879	191.582
880	192.272
881	193.182
882	193.702
883	194.213
884	194.635
885	194.869
886	195.395
887	196.002
888	196.502
889	196.636
890	196.995
891	197.934
892	198.145
893	198.390
894	198.858
895	198.915
896	199.073
897	199.400
898	199.373
899	199.577
900	200.305
901	200.188
902	200.385
903	200.693
904	200.740
905	200.817
906	200.651
907	201.048
908	201.631
909	201.331
910	201.343
911	201.716
912	201.540
913	201.811
914	201.739
915	202.059
916	201.850
917	201.809
918	201.961
919	201.809
920	202.248
921	202.365
922	202.091
923	202.103
924	202.148
925	202.225
926	202.061
927	202.037
928	201.965
929	201.361
930	200.790
931	199.847
932	198.432
933	196.274
934	193.787
935	190.754
936	186.640
937	181.970
938	175.810
939	168.835
940	160.916
941	152.503
942	144.193
943	135.649
944	127.202
945	119.070
946	111.014
947	103.612
948	96.204
949	89.477
950	83.691
951	79.096
952	75.247
953	72.129
954	69.718
955	67.543
956	65.688
957	64.223
958	62.633
959	61.510
960	60.328
961	59.310
962	58.450
963	57.621
964	56.718
965	55.966
966	55.338
967	54.567
968	53.946
969	53.196
970	52.626
971	52.213
972	51.657
973	51.197
974	50.719
975	50.300
976	49.913
977	49.581
978	49.262
979	48.825
980	48.675
981	48.237
982	47.958
983	47.827
984	47.531
985	47.284
986	47.059
987	46.913
988	46.659
989	46.495
990	46.490
991	46.389
992	46.380
993	46.344
994	46.481
995	46.583
996	46.818
997	47.049
998	47.404
999	47.925
1000	48.602
1001	49.291
1002	50.190
1003	51.378
1004	52.600
1005	53.941
1006	55.682
1007	57.417
1008	59.495
1009	61.823
1010	64.209
1011	66.966
1012	69.527
1013	72.540
1014	75.353
1015	78.215
1016	81.259
1017	84.067
1018	86.874
1019	89.775
1020	92.487
1021	94.750
1022	97.079
1023	99.270
1024	101.176
1025	102.864
1026	104.252
1027	105.706
1028	106.903
1029	107.936
1030	108.995
1031	109.863
1032	110.432
1033	111.352
1034	111.820
1035	112.401
1036	112.800
1037	113.087
1038	113.394
1039	113.935
1040	114.264
1041	114.592
1042	114.890
1043	115.051
1044	115.239
1045	115.483
1046	115.318
1047	115.608
1048	115.698
1049	115.843
1050	115.817
1051	116.092
1052	116.085
1053	116.232
1054	116.271
1055	116.457
1056	116.542
1057	116.457
1058	116.608
1059	116.578
1060	116.690
1061	116.864
1062	116.657
1063	116.754
1064	116.860
1065	116.606
1066	116.821
1067	117.020
1068	116.666
1069	116.801
1070	116.680
1071	116.848
1072	116.746
1073	116.787
1074	116.733
1075	116.831
1076	116.715
1077	116.495
1078	116.484
1079	116.434
1080	116.300
1081	115.895
1082	115.831
1083	115.472
1084	114.734
1085	114.049
1086	113.339
1087	112.448
1088	111.529
1089	110.230
1090	108.460
1091	106.653
1092	104.534
1093	102.201
1094	99.683
1095	96.840
1096	93.765
1097	90.544
1098	87.209
1099	84.140
1100	80.626
1101	77.282
1102	74.139
1103	70.988
1104	68.097
1105	65.175
1106	62.715
1107	60.423
1108	58.267
1109	56.281
1110	54.653
1111	53.227
1112	51.875
1113	50.636
1114	49.590
1115	48.594
1116	47.785
1117	47.016
1118	46.257
1119	45.694
1120	45.152
1121	44.543
1122	44.022
1123	43.481
1124	43.134
1125	42.719
1126	42.279
1127	41.967
1128	41.628
1129	41.354
1130	41.076
1131	40.784
1132	40.500
1133	40.259
1134	40.057
1135	39.761
1136	39.531
1137	39.315
1138	39.060
1139	38.891
1140	38.825
1141	38.581
1142	38.422
1143	38.375
1144	38.133
1145	38.049
1146	37.953
1147	37.790
1148	37.690
1149	37.672
1150	37.388
1151	37.379
1152	37.270
1153	37.218
1154	37.214
1155	37.198
1156	37.018
1157	37.094
1158	37.033
1159	37.040
1160	37.147
1161	37.072
1162	37.116
1163	37.141
1164	37.151
1165	37.278
1166	37.331
1167	37.358
1168	37.363
1169	37.375
1170	37.440
1171	37.629
1172	37.635
1173	37.621
1174	37.742
1175	37.787
1176	37.913
1177	37.816
1178	37.921
1179	38.009
1180	38.010
1181	37.982
1182	38.035
1183	38.133
1184	38.073
1185	38.006
1186	38.068
1187	38.070
1188	38.129
1189	38.141
1190	38.176
1191	38.056
1192	38.092
1193	38.029
1194	38.010
1195	37.933
1196	37.923
1197	37.895
1198	37.799
1199	37.883
1200	37.875
1201	37.818
1202	37.824
1203	37.730
1204	37.655
1205	37.590
1206	37.602
1207	37.653
1208	37.545
1209	37.528
1210	37.516
1211	37.426
1212	37.440
1213	37.351
1214	37.300
1215	37.261
1216	37.223
1217	37.171
1218	37.076
1219	37.030
1220	37.052
1221	37.005
1222	36.970
1223	36.928
1224	36.883
1225	36.736
1226	36.745
1227	36.675
1228	36.675
1229	36.525
1230	36.504
1231	36.365
1232	36.322
1233	36.295
1234	36.248
1235	36.113
1236	36.114
1237	35.938
1238	35.818
1239	35.775
1240	35.645
1241	35.503
1242	35.425
1243	35.262
1244	35.202
1245	35.022
1246	34.817
1247	34.694
1248	34.542
1249	34.303
1250	34.152
1251	34.008
1252	33.818
1253	33.539
1254	33.382
1255	33.218
1256	33.012
1257	32.772
1258	32.597
1259	32.374
1260	32.281
1261	32.053
1262	31.839
1263	31.771
1264	31.638
1265	31.422
1266	31.292
1267	31.191
1268	30.913
1269	30.779
1270	30.664
1271	30.555
1272	30.408
1273	30.287
1274	30.181
1275	30.110
1276	29.983
1277	29.826
1278	29.803
1279	29.737
1280	29.608
1281	29.375
1282	29.393
1283	29.376
1284	29.295
1285	29.195
1286	29.099
1287	28.997
1288	28.963
1289	28.921
1290	28.812
1291	28.778
1292	28.707
1293	28.665
1294	28.573
1295	28.535
1296	28.496
1297	28.472
1298	28.378
1299	28.365
1300	28.358
1301	28.289
1302	28.325
1303	28.278
1304	28.233
1305	28.174
1306	28.140
1307	28.158
1308	28.167
1309	28.168
1310	28.189
1311	28.164
1312	28.092
1313	28.147
1314	28.158
1315	28.282
1316	28.287
1317	28.303
1318	28.344
1319	28.373
1320	28.398
1321	28.462
1322	28.539
1323	28.510
1324	28.622
1325	28.665
1326	28.661
1327	28.723
1328	28.764
1329	28.829
1330	28.911
1331	28.977
1332	28.908
1333	29.027
1334	29.051
1335	29.073
1336	29.173
1337	29.160
1338	29.243
1339	29.196
1340	29.148
1341	29.134
1342	29.169
1343	29.203
1344	29.172
1345	29.203
1346	29.198
1347	29.186
1348	29.175
1349	29.098
1350	29.143
1351	29.214
1352	29.113
1353	29.170
1354	29.060
1355	29.092
1356	29.131
1357	28.978
1358	29.004
1359	29.035
1360	28.968
1361	28.892
1362	28.912
1363	28.852
1364	28.824
1365	28.719
1366	28.717
1367	28.667
1368	28.678
1369	28.634
1370	28.560
1371	28.544
1372	28.425
1373	28.437
1374	28.383
1375	28.307
1376	28.222
1377	28.129
1378	28.113
1379	28.102
1380	28.045
1381	27.962
1382	27.919
1383	27.785
1384	27.730
1385	27.705
1386	27.591
1387	27.604
1388	27.400
1389	27.266
1390	27.214
1391	27.168
1392	27.060
1393	26.924
1394	26.860
1395	26.745
1396	26.657
1397	26.515
1398	26.387
1399	26.250
1400	26.172
1401	26.061
1402	25.943
1403	25.692
1404	25.599
1405	25.401
1406	25.318
1407	25.135
1408	24.973
1409	24.783
1410	24.671
1411	24.526
1412	24.341
1413	24.188
1414	24.034
1415	23.878
1416	23.720
1417	23.644
1418	23.482
1419	23.408
1420	23.253
1421	23.089
1422	23.027
1423	22.973
1424	22.766
1425	22.598
1426	22.552
1427	22.417
