X	Y
0	4.5345
1	4.4757
2	4.4832
3	4.4879
4	4.4543
5	4.4226
6	4.4160
7	4.4291
8	4.3713
9	4.3927
10	4.3731
11	4.3675
12	4.3200
13	4.3675
14	4.3284
15	4.3125
16	4.3013
17	4.3106
18	4.2938
19	4.2743
20	4.2733
21	4.2593
22	4.2537
23	4.2444
24	4.2584
25	4.2463
26	4.2612
27	4.2547
28	4.2547
29	4.2295
30	4.2388
31	4.2575
32	4.2351
33	4.2360
34	4.2472
35	4.2248
36	4.2733
37	4.2491
38	4.2836
39	4.2547
40	4.2565
41	4.2379
42	4.2556
43	4.2519
44	4.2808
45	4.2826
46	4.2677
47	4.2687
48	4.2892
49	4.3162
50	4.3069
51	4.3246
52	4.3265
53	4.3573
54	4.3218
55	4.3293
56	4.4011
57	4.3965
58	4.3890
59	4.4664
60	4.4450
61	4.4207
62	4.5215
63	4.4440
64	4.4739
65	4.5289
66	4.5784
67	4.5914
68	4.6194
69	4.6427
70	4.6521
71	4.6530
72	4.6922
73	4.7631
74	4.7416
75	4.7715
76	4.8321
77	4.8517
78	4.8657
79	4.9114
80	4.9646
81	4.9907
82	5.0177
83	5.0709
84	5.0914
85	5.1175
86	5.1707
87	5.2006
88	5.2332
89	5.3022
90	5.2976
91	5.3302
92	5.3993
93	5.4310
94	5.4832
95	5.5476
96	5.5588
97	5.6110
98	5.6595
99	5.7929
100	5.8060
101	5.8545
102	5.9207
103	5.9692
104	6.0504
105	6.0933
106	6.1875
107	6.2155
108	6.3153
109	6.3778
110	6.4627
111	6.4729
112	6.5951
113	6.6828
114	6.7556
115	6.8097
116	6.9142
117	6.9674
118	7.0243
119	7.0905
120	7.1707
121	7.2323
122	7.2826
123	7.3284
124	7.4011
125	7.4039
126	7.4925
127	7.4963
128	7.5345
129	7.5550
130	7.6371
131	7.6222
132	7.6493
133	7.6735
134	7.7174
135	7.7071
136	7.6950
137	7.7108
138	7.7444
139	7.7397
140	7.7304
141	7.7724
142	7.7556
143	7.6847
144	7.6884
145	7.6940
146	7.6726
147	7.6045
148	7.6716
149	7.6483
150	7.5728
151	7.5448
152	7.5280
153	7.5289
154	7.4422
155	7.4160
156	7.3825
157	7.3153
158	7.2836
159	7.2267
160	7.1866
161	7.0774
162	7.0448
163	6.9440
164	6.9049
165	6.8284
166	6.7743
167	6.6325
168	6.6175
169	6.5308
170	6.4412
171	6.3470
172	6.2547
173	6.2276
174	6.0905
175	6.0504
176	5.9412
177	5.9011
178	5.8386
179	5.7696
180	5.7295
181	5.6604
182	5.5662
183	5.4776
184	5.4478
185	5.3815
186	5.2920
187	5.2481
188	5.2323
189	5.1511
190	5.1222
191	5.1175
192	5.0093
193	5.0000
194	4.9366
195	4.9524
196	4.8787
197	4.8573
198	4.8442
199	4.7910
200	4.7743
201	4.7547
202	4.6950
203	4.6931
204	4.6819
205	4.6800
206	4.6334
207	4.6381
208	4.5989
209	4.5821
210	4.5737
211	4.5364
212	4.5065
213	4.4935
214	4.4991
215	4.5009
216	4.4851
217	4.4841
218	4.4506
219	4.4394
220	4.4431
221	4.4188
222	4.4058
223	4.3834
224	4.4151
225	4.3657
226	4.3983
227	4.3433
228	4.3853
229	4.3414
230	4.3442
231	4.3274
232	4.3134
233	4.3162
234	4.3218
235	4.3526
236	4.3116
237	4.3228
238	4.3116
239	4.3573
240	4.3237
241	4.3106
242	4.3209
243	4.3209
244	4.3302
245	4.3293
246	4.3647
247	4.3694
248	4.3629
249	4.3666
250	4.4076
251	4.3983
252	4.4254
253	4.4142
254	4.4823
255	4.4468
256	4.4412
257	4.4599
258	4.5112
259	4.5345
260	4.5364
261	4.5476
262	4.5756
263	4.6147
264	4.6437
265	4.6595
266	4.7071
267	4.7239
268	4.7593
269	4.7929
270	4.8134
271	4.8507
272	4.8563
273	4.8918
274	4.9440
275	4.9515
276	4.9963
277	5.0737
278	5.0522
279	5.1539
280	5.1315
281	5.2015
282	5.2808
283	5.3097
284	5.3862
285	5.4804
286	5.4991
287	5.5802
288	5.6213
289	5.6558
290	5.8041
291	5.8414
292	5.9282
293	6.0131
294	6.0597
295	6.1362
296	6.1950
297	6.2537
298	6.3302
299	6.4086
300	6.4580
301	6.5019
302	6.5326
303	6.5681
304	6.6269
305	6.6726
306	6.7043
307	6.6847
308	6.7183
309	6.6978
310	6.7612
311	6.7603
312	6.7351
313	6.7528
314	6.7621
315	6.7836
316	6.7976
317	6.7556
318	6.7584
319	6.7360
320	6.7136
321	6.7379
322	6.7332
323	6.7108
324	6.6763
325	6.6493
326	6.6688
327	6.6129
328	6.6418
329	6.6082
330	6.6119
331	6.5522
332	6.4897
333	6.4776
334	6.4478
335	6.4039
336	6.4123
337	6.3722
338	6.2948
339	6.2976
340	6.2435
341	6.1744
342	6.2024
343	6.1250
344	6.1063
345	6.0560
346	6.0000
347	5.9580
348	5.9039
349	5.8535
350	5.8442
351	5.7892
352	5.7892
353	5.7593
354	5.7146
355	5.7071
356	5.6604
357	5.5979
358	5.6054
359	5.6063
360	5.6418
361	5.5821
362	5.5933
363	5.5840
364	5.5970
365	5.6073
366	5.6026
367	5.6493
368	5.6455
369	5.6754
370	5.6772
371	5.7164
372	5.7677
373	5.8246
374	5.8190
375	5.8703
376	5.9310
377	5.9664
378	6.0056
379	6.0756
380	6.1054
381	6.1549
382	6.1968
383	6.2463
384	6.3535
385	6.4170
386	6.4534
387	6.5336
388	6.6390
389	6.7136
390	6.7603
391	6.8097
392	6.9552
393	7.0662
394	7.1063
395	7.2024
396	7.2547
397	7.3330
398	7.5065
399	7.5196
400	7.6604
401	7.7407
402	7.8554
403	7.9562
404	8.0746
405	8.1474
406	8.2211
407	8.3638
408	8.4496
409	8.5905
410	8.7034
411	8.7817
412	8.9543
413	9.0877
414	9.2351
415	9.3498
416	9.5765
417	9.7080
418	9.9058
419	10.0868
420	10.2929
421	10.4664
422	10.6959
423	10.8955
424	11.1017
425	11.3498
426	11.5868
427	11.7957
428	12.0205
429	12.3741
430	12.6119
431	12.9804
432	13.2659
433	13.6390
434	14.0103
435	14.3050
436	14.6278
437	15.0560
438	15.3293
439	15.6810
440	16.0326
441	16.4524
442	16.9076
443	17.2715
444	17.8078
445	18.2873
446	18.8116
447	19.3713
448	19.9795
449	20.6241
450	21.3181
451	22.0494
452	22.7789
453	23.6493
454	24.5429
455	25.4347
456	26.3853
457	27.4720
458	28.5065
459	29.6782
460	30.8069
461	32.2351
462	33.6493
463	35.0382
464	36.3778
465	37.8237
466	39.4832
467	41.1847
468	42.7957
469	44.5149
470	45.9674
471	47.3853
472	48.6726
473	49.8629
474	50.8843
475	51.7575
476	52.4160
477	52.9291
478	53.4002
479	53.6119
480	53.7799
481	54.0597
482	54.0951
483	54.1474
484	54.1744
485	54.2118
486	54.2108
487	54.1875
488	54.1035
489	54.0261
490	53.9300
491	53.8041
492	53.6101
493	53.3657
494	53.2519
495	53.0056
496	52.7267
497	52.4002
498	52.2565
499	51.8312
500	51.5121
501	51.1222
502	50.7052
503	50.2761
504	49.7808
505	49.2705
506	48.6744
507	48.0606
508	47.4468
509	46.7248
510	45.9179
511	45.0140
512	44.2444
513	43.3349
514	42.3414
515	41.2575
516	40.0112
517	38.9142
518	37.5196
519	36.1007
520	34.7687
521	33.2808
522	31.8134
523	30.4058
524	29.0438
525	27.6045
526	26.2360
527	25.0373
528	23.8218
529	22.6772
530	21.7444
531	20.8834
532	20.1978
533	19.5168
534	18.9440
535	18.4935
536	18.0028
537	17.6166
538	17.3293
539	17.1175
540	16.8862
541	16.7313
542	16.5709
543	16.4226
544	16.3004
545	16.1810
546	16.0868
547	15.9487
548	15.9021
549	15.8144
550	15.7444
551	15.6791
552	15.5970
553	15.5625
554	15.5522
555	15.4664
556	15.4104
557	15.4608
558	15.3918
559	15.3050
560	15.3909
561	15.3946
562	15.3759
563	15.3722
564	15.3535
565	15.4636
566	15.4440
567	15.4366
568	15.4608
569	15.5075
570	15.5830
571	15.6157
572	15.6950
573	15.7444
574	15.7994
575	15.9216
576	15.9748
577	16.0513
578	16.1931
579	16.2771
580	16.3769
581	16.4991
582	16.6493
583	16.7416
584	16.9450
585	17.0625
586	17.2435
587	17.3871
588	17.5299
589	17.7108
590	17.9468
591	18.1147
592	18.3545
593	18.5924
594	18.8433
595	19.1259
596	19.3713
597	19.7099
598	19.9160
599	20.2024
600	20.5550
601	20.8955
602	21.2267
603	21.6353
604	22.0112
605	22.4198
606	22.8321
607	23.2108
608	23.7304
609	24.1315
610	24.6549
611	25.1651
612	25.7649
613	26.3004
614	27.0252
615	27.6203
616	28.2668
617	29.0140
618	29.5812
619	30.3853
620	31.0840
621	31.7799
622	32.6110
623	33.4580
624	34.4356
625	35.3535
626	36.5364
627	37.6502
628	39.0410
629	40.5672
630	42.2034
631	44.2090
632	46.5494
633	49.2043
634	52.1147
635	55.2892
636	58.4263
637	62.0056
638	65.3638
639	68.7836
640	72.4076
641	75.8340
642	78.9785
643	81.9832
644	84.6455
645	87.3153
646	89.4478
647	91.5401
648	93.4142
649	94.9636
650	96.3573
651	97.2845
652	98.4021
653	99.2248
654	100.0336
655	100.3955
656	100.9188
657	101.2854
658	101.5896
659	101.8134
660	101.8722
661	101.9002
662	101.9067
663	101.9188
664	101.8153
665	101.6353
666	101.3853
667	101.2146
668	100.9282
669	100.5476
670	100.3004
671	99.9860
672	99.2966
673	98.9552
674	98.3647
675	97.7407
676	97.1642
677	96.4319
678	95.6819
679	94.8629
680	93.8769
681	92.9925
682	92.1213
683	90.8769
684	89.6250
685	88.2957
686	86.8022
687	85.0224
688	82.8190
689	80.4692
690	77.8974
691	74.8815
692	71.6875
693	68.4049
694	65.0560
695	61.8843
696	58.5476
697	55.3918
698	52.1791
699	49.0840
700	46.3321
701	43.6586
702	41.3703
703	39.1604
704	37.2649
705	35.5457
706	34.0606
707	32.6325
708	31.4841
709	30.4608
710	29.4263
711	28.6241
712	27.8172
713	27.1203
714	26.3993
715	25.7705
716	25.2556
717	24.7276
718	24.2547
719	23.8806
720	23.4282
721	23.1082
722	22.7323
723	22.3955
724	22.1493
725	21.8358
726	21.5177
727	21.2789
728	21.0009
729	20.7901
730	20.5140
731	20.3302
732	20.1194
733	19.8946
734	19.7080
735	19.5252
736	19.3004
737	19.1427
738	18.9608
739	18.7976
740	18.6446
741	18.4879
742	18.3545
743	18.1576
744	18.0830
745	17.9608
746	17.8498
747	17.6884
748	17.5979
749	17.5233
750	17.4375
751	17.3013
752	17.2491
753	17.1203
754	17.0840
755	16.9860
756	16.9030
757	16.8507
758	16.8470
759	16.7267
760	16.6931
761	16.7071
762	16.6129
763	16.5756
764	16.5896
765	16.5709
766	16.5681
767	16.5438
768	16.5877
769	16.5336
770	16.5784
771	16.6353
772	16.6502
773	16.7285
774	16.7500
775	16.7808
776	16.8573
777	16.9310
778	17.0215
779	17.0914
780	17.2034
781	17.3013
782	17.4646
783	17.5961
784	17.7481
785	17.9375
786	18.0746
787	18.3069
788	18.5000
789	18.7836
790	19.0578
791	19.2351
792	19.5382
793	19.8237
794	20.1371
795	20.5560
796	20.9366
797	21.3312
798	21.7509
799	22.3078
800	22.8563
801	23.5933
802	24.2659
803	25.1129
804	26.0961
805	27.1287
806	28.4039
807	29.7099
808	31.1101
809	32.5784
810	34.1474
811	35.6996
812	37.2388
813	38.8479
814	40.3965
815	41.9104
816	43.3563
817	44.8050
818	46.0774
819	47.3050
820	48.4468
821	49.5075
822	50.5634
823	51.3871
824	52.0905
825	52.9132
826	53.4319
827	53.9646
828	54.4468
829	54.8937
830	55.2920
831	55.6101
832	55.8619
833	56.1147
834	56.4375
835	56.4030
836	56.5784
837	56.8013
838	56.7034
839	56.7603
840	56.8144
841	56.8498
842	56.7500
843	56.6231
844	56.5336
845	56.5187
846	56.2705
847	56.0569
848	55.8302
849	55.5606
850	55.2379
851	55.0224
852	54.5840
853	54.2612
854	53.7724
855	53.2631
856	52.7043
857	52.1306
858	51.4412
859	50.6390
860	49.7481
861	48.7668
862	47.6110
863	46.3153
864	44.9049
865	43.4515
866	41.9729
867	40.3414
868	38.7369
869	37.2397
870	35.7285
871	34.2509
872	32.8675
873	31.4636
874	30.2332
875	28.8993
876	27.6604
877	26.4813
878	25.3685
879	24.3517
880	23.4338
881	22.5634
882	21.8041
883	21.1175
884	20.4002
885	19.8479
886	19.3274
887	18.7547
888	18.2192
889	17.8461
890	17.4254
891	17.0550
892	16.7062
893	16.4450
894	16.1539
895	15.8582
896	15.6353
897	15.3470
898	15.1772
899	14.9440
900	14.6782
901	14.5476
902	14.2892
903	14.1035
904	13.8797
905	13.7043
906	13.4776
907	13.3340
908	13.1101
909	13.0233
910	12.7379
911	12.6175
912	12.5075
913	12.3731
914	12.1446
915	12.0569
916	11.9310
917	11.7892
918	11.6782
919	11.5177
920	11.4067
921	11.3013
922	11.1884
923	11.0784
924	10.9748
925	10.9049
926	10.8041
927	10.6950
928	10.5737
929	10.4366
930	10.4039
931	10.2938
932	10.1707
933	10.1045
934	10.0457
935	9.9151
936	9.8694
937	9.7761
938	9.6978
939	9.5942
940	9.5644
941	9.4310
942	9.4030
943	9.3209
944	9.2640
945	9.1903
946	9.1203
947	9.0410
948	8.9562
949	8.9412
950	8.8899
951	8.8144
952	8.7631
953	8.7425
954	8.6632
955	8.6007
956	8.5606
957	8.5112
958	8.4701
959	8.4151
960	8.3815
961	8.3778
962	8.3330
963	8.2966
964	8.2612
965	8.2136
966	8.2388
967	8.2015
968	8.1763
969	8.1483
970	8.1493
971	8.1334
972	8.1353
973	8.1343
974	8.1437
975	8.1483
976	8.1772
977	8.1772
978	8.2052
979	8.2341
980	8.2397
981	8.2687
982	8.3675
983	8.4039
984	8.4235
985	8.4813
986	8.5588
987	8.5644
988	8.6362
989	8.6791
990	8.7528
991	8.7612
992	8.7938
993	8.8573
994	8.9534
995	8.9636
996	8.9860
997	9.0448
998	9.0504
999	9.0625
1000	9.1063
1001	9.1670
1002	9.1828
1003	9.1483
1004	9.1847
1005	9.2285
1006	9.2332
1007	9.2276
1008	9.2575
1009	9.2211
1010	9.2229
1011	9.2127
1012	9.2369
1013	9.2323
1014	9.1810
1015	9.2006
1016	9.1707
1017	9.1931
1018	9.1073
1019	9.1166
1020	9.0886
1021	9.0812
1022	9.0597
1023	8.9963
1024	8.9711
1025	8.9338
1026	8.8834
1027	8.8694
1028	8.8433
1029	8.7743
1030	8.7425
1031	8.6483
1032	8.6119
1033	8.5112
1034	8.4935
1035	8.4123
1036	8.3396
1037	8.2808
1038	8.1931
1039	8.1343
1040	8.0457
1041	7.9823
1042	7.9216
1043	7.8535
1044	7.7519
1045	7.7052
1046	7.6185
1047	7.5466
1048	7.4431
1049	7.4244
1050	7.2976
1051	7.2332
1052	7.1343
1053	7.0494
1054	6.9813
1055	6.9394
1056	6.8293
1057	6.8106
1058	6.7621
1059	6.6549
1060	6.6147
1061	6.5784
1062	6.5261
1063	6.4487
1064	6.4254
1065	6.4086
1066	6.3741
1067	6.3657
1068	6.2910
1069	6.2873
1070	6.2631
1071	6.2239
1072	6.2024
1073	6.2369
1074	6.1791
1075	6.1642
1076	6.1045
1077	6.1474
1078	6.1278
1079	6.1026
1080	6.0840
1081	6.0597
1082	6.0457
1083	6.0392
1084	6.0616
1085	6.0485
1086	6.0336
1087	6.0084
1088	6.0224
1089	6.0065
1090	6.0149
1091	6.0196
1092	5.9879
1093	6.0373
1094	5.9711
1095	5.9683
1096	5.9776
1097	5.9823
1098	5.9869
1099	5.9785
1100	5.9384
1101	5.9981
1102	5.9422
1103	5.9562
1104	5.9608
1105	5.9757
1106	5.9646
1107	5.9496
1108	5.9627
1109	5.9795
1110	5.9711
1111	5.9720
1112	5.9916
1113	6.0224
1114	5.9664
1115	5.9879
1116	6.0261
1117	6.0392
1118	6.0429
1119	6.0103
1120	6.0392
1121	6.0653
1122	6.1101
1123	6.0784
1124	6.0886
1125	6.1315
1126	6.1418
1127	6.1390
1128	6.1838
1129	6.2118
1130	6.2211
1131	6.2612
1132	6.2705
1133	6.3386
1134	6.3377
1135	6.3993
1136	6.3759
1137	6.4487
1138	6.4748
1139	6.4813
1140	6.5448
1141	6.6054
1142	6.6390
1143	6.7379
1144	6.7276
1145	6.8302
1146	6.8871
1147	6.9403
1148	7.0205
1149	7.1399
1150	7.1353
1151	7.2575
1152	7.3041
1153	7.3769
1154	7.4450
1155	7.4841
1156	7.5541
1157	7.6362
1158	7.7127
1159	7.7743
1160	7.8116
1161	7.8909
1162	7.9459
1163	7.9813
1164	8.0271
1165	8.0709
1166	8.1586
1167	8.1716
1168	8.2174
1169	8.2519
1170	8.3274
1171	8.3526
1172	8.4263
1173	8.4244
1174	8.4795
1175	8.5093
1176	8.5840
1177	8.6175
1178	8.6203
1179	8.6754
1180	8.6922
1181	8.6931
1182	8.7500
1183	8.7425
1184	8.7826
1185	8.7565
1186	8.8032
1187	8.8116
1188	8.8321
1189	8.8424
1190	8.8340
1191	8.8545
1192	8.8321
1193	8.8200
1194	8.8424
1195	8.8442
1196	8.8041
1197	8.8116
1198	8.7612
1199	8.7659
1200	8.7351
1201	8.6884
1202	8.6325
1203	8.6045
1204	8.6502
1205	8.5625
1206	8.5494
1207	8.5075
1208	8.4450
1209	8.4002
1210	8.3545
1211	8.2845
1212	8.2920
1213	8.2453
1214	8.1866
1215	8.1707
1216	8.0784
1217	8.0681
1218	8.0093
1219	7.9636
1220	7.9328
1221	7.8946
1222	7.8489
1223	7.7938
1224	7.7575
1225	7.7043
1226	7.6353
1227	7.6343
1228	7.5532
1229	7.5354
1230	7.4683
1231	7.4263
1232	7.4011
1233	7.3881
1234	7.3013
1235	7.2118
1236	7.2164
1237	7.1521
1238	7.1259
1239	7.1371
1240	7.0634
1241	7.0205
1242	6.9618
1243	6.9319
1244	6.9030
1245	6.8731
1246	6.8937
1247	6.8246
1248	6.8125
1249	6.7733
1250	6.7789
1251	6.7360
1252	6.6987
1253	6.7341
1254	6.7006
1255	6.6670
1256	6.6427
1257	6.6483
1258	6.6054
1259	6.6091
1260	6.5933
1261	6.5802
1262	6.5914
1263	6.5709
1264	6.5336
1265	6.5345
1266	6.5289
1267	6.5494
1268	6.5196
1269	6.5401
1270	6.5215
1271	6.5084
1272	6.5466
1273	6.5168
1274	6.5009
1275	6.5131
1276	6.4757
1277	6.5065
1278	6.4785
1279	6.4459
1280	6.4767
1281	6.4944
1282	6.4813
1283	6.4720
1284	6.5205
1285	6.4739
1286	6.4907
1287	6.4888
1288	6.4935
1289	6.5075
1290	6.5196
1291	6.5000
1292	6.4851
1293	6.5504
1294	6.5485
1295	6.5532
1296	6.5308
1297	6.5681
1298	6.5299
1299	6.5886
1300	6.5924
1301	6.5812
1302	6.5858
1303	6.6241
1304	6.6334
1305	6.6959
1306	6.7024
1307	6.6875
1308	6.6996
1309	6.7164
1310	6.7668
1311	6.7640
1312	6.7864
1313	6.8050
1314	6.8722
1315	6.8517
1316	6.9086
1317	6.8787
1318	6.9328
1319	7.0028
1320	7.0382
1321	7.0485
1322	7.0933
1323	7.1054
1324	7.1688
1325	7.1371
1326	7.1772
1327	7.2621
1328	7.2481
1329	7.3097
1330	7.3601
1331	7.3806
1332	7.4076
1333	7.4711
1334	7.4683
1335	7.5112
1336	7.5513
1337	7.5588
1338	7.6287
1339	7.6054
1340	7.6483
1341	7.6726
1342	7.6968
1343	7.6884
1344	7.7687
1345	7.7519
1346	7.7799
1347	7.7920
1348	7.7873
1349	7.8293
1350	7.8106
1351	7.8479
1352	7.8666
1353	7.8927
1354	7.8853
1355	7.9188
1356	7.9160
1357	7.9216
1358	7.9226
1359	7.9160
1360	7.9160
1361	7.9272
1362	7.9356
1363	7.9562
1364	7.9515
1365	7.9515
1366	7.9431
1367	7.9646
1368	7.9524
1369	7.9394
1370	7.9310
1371	7.9515
1372	7.9160
1373	7.9263
1374	7.9058
1375	7.8722
1376	7.8946
1377	7.8685
1378	7.8330
1379	7.8293
1380	7.8349
1381	7.8302
1382	7.7976
1383	7.8004
1384	7.7743
1385	7.7435
1386	7.7379
1387	7.6968
1388	7.6856
1389	7.6810
1390	7.6549
1391	7.6026
1392	7.5998
1393	7.5858
1394	7.5644
1395	7.5429
1396	7.4981
1397	7.5019
1398	7.4897
1399	7.4506
1400	7.4170
1401	7.4216
1402	7.3983
1403	7.3451
1404	7.3358
1405	7.3069
1406	7.3321
1407	7.2854
1408	7.2808
1409	7.2668
1410	7.2425
1411	7.2062
1412	7.1763
1413	7.1660
1414	7.1828
1415	7.1567
1416	7.1670
1417	7.1241
1418	7.1147
1419	7.1017
1420	7.1091
1421	7.0588
1422	7.0681
1423	7.0560
1424	7.0131
1425	6.9963
1426	6.9907
1427	6.9636
1428	6.9963
1429	6.9701
1430	6.9701
1431	6.9785
